9.999919999999999920e-01 9.749999999999999552e-04
9.948770000000000113e-01 1.384999999999999946e-03
9.849970000000000114e-01 2.171999999999999886e-03
9.733549999999999702e-01 3.092000000000000130e-03
9.610140000000000349e-01 4.062999999999999771e-03
9.484709999999999530e-01 5.040000000000000209e-03
9.358790000000000164e-01 6.015000000000000381e-03
9.232690000000000063e-01 6.984999999999999890e-03
9.106509999999999883e-01 7.946999999999999204e-03
8.980359999999999454e-01 8.902000000000000191e-03
8.854239999999999888e-01 9.849000000000000116e-03
8.728209999999999580e-01 1.078800000000000071e-02
8.602199999999999847e-01 1.172199999999999978e-02
8.476200000000000401e-01 1.264599999999999926e-02
8.350239999999999885e-01 1.356199999999999940e-02
8.224270000000000191e-01 1.447200000000000049e-02
8.098279999999999923e-01 1.537499999999999978e-02
7.972299999999999942e-01 1.627100000000000074e-02
7.846290000000000209e-01 1.716600000000000070e-02
7.720249999999999613e-01 1.805599999999999913e-02
7.594199999999999839e-01 1.893900000000000097e-02
7.468110000000000026e-01 1.982099999999999834e-02
7.341959999999999598e-01 2.069299999999999959e-02
7.215810000000000279e-01 2.155699999999999977e-02
7.089619999999999811e-01 2.241200000000000137e-02
6.963430000000000453e-01 2.325599999999999890e-02
6.837220000000000519e-01 2.409199999999999883e-02
6.711040000000000338e-01 2.491600000000000065e-02
6.584839999999999582e-01 2.572899999999999840e-02
6.458660000000000512e-01 2.653300000000000103e-02
6.332499999999999796e-01 2.731899999999999953e-02
6.206369999999999942e-01 2.809299999999999992e-02
6.080259999999999554e-01 2.885700000000000071e-02
5.954180000000000028e-01 2.960300000000000084e-02
5.828149999999999720e-01 3.033599999999999838e-02
5.702209999999999779e-01 3.105199999999999974e-02
5.576320000000000165e-01 3.175200000000000244e-02
5.450469999999999482e-01 3.243599999999999955e-02
5.324689999999999701e-01 3.309999999999999748e-02
5.198979999999999713e-01 3.374499999999999722e-02
5.073320000000000052e-01 3.437400000000000178e-02
4.947750000000000203e-01 3.498099999999999821e-02
4.822239999999999860e-01 3.556800000000000239e-02
4.696799999999999864e-01 3.613199999999999745e-02
4.571439999999999948e-01 3.667900000000000327e-02
4.446180000000000132e-01 3.720199999999999896e-02
4.320979999999999821e-01 3.770199999999999940e-02
4.195889999999999898e-01 3.817999999999999866e-02
4.070889999999999787e-01 3.863400000000000167e-02
3.946000000000000063e-01 3.906500000000000250e-02
3.821229999999999905e-01 3.946700000000000208e-02
3.696570000000000134e-01 3.984399999999999747e-02
3.572049999999999947e-01 4.018999999999999656e-02
3.447689999999999921e-01 4.050600000000000034e-02
3.323439999999999728e-01 4.078899999999999887e-02
3.199290000000000189e-01 4.103899999999999909e-02
3.075260000000000216e-01 4.125000000000000194e-02
2.951340000000000074e-01 4.142200000000000049e-02
2.827509999999999746e-01 4.154999999999999666e-02
2.703809999999999825e-01 4.162899999999999934e-02
2.580219999999999736e-01 4.165699999999999958e-02
2.456730000000000025e-01 4.163000000000000034e-02
2.333349999999999869e-01 4.154299999999999660e-02
2.210129999999999872e-01 4.138700000000000018e-02
2.087009999999999976e-01 4.115900000000000114e-02
1.964090000000000003e-01 4.085199999999999942e-02
1.841369999999999951e-01 4.045599999999999891e-02
1.718899999999999872e-01 3.996199999999999752e-02
1.596740000000000104e-01 3.935999999999999915e-02
1.474999999999999922e-01 3.863899999999999973e-02
1.353840000000000043e-01 3.778600000000000014e-02
1.233459999999999973e-01 3.678100000000000119e-02
1.114030000000000020e-01 3.561099999999999682e-02
9.959899999999999309e-02 3.425799999999999679e-02
8.798799999999999677e-02 3.270699999999999996e-02
7.663200000000000567e-02 3.093999999999999875e-02
6.559199999999999753e-02 2.894100000000000145e-02
5.495499999999999691e-02 2.669799999999999951e-02
4.483800000000000285e-02 2.420900000000000135e-02
3.543199999999999822e-02 2.150300000000000128e-02
2.702999999999999847e-02 1.866500000000000103e-02
1.995699999999999905e-02 1.585200000000000151e-02
1.437000000000000083e-02 1.323599999999999950e-02
1.015899999999999963e-02 1.091999999999999915e-02
7.022999999999999729e-03 8.899999999999999925e-03
4.686000000000000061e-03 7.130000000000000053e-03
2.942999999999999870e-03 5.557000000000000307e-03
1.660999999999999933e-03 4.135999999999999920e-03
7.680000000000000195e-04 2.825999999999999953e-03
2.369999999999999874e-04 1.595999999999999979e-03
2.000000000000000164e-05 4.690000000000000158e-04
3.499999999999999693e-05 -6.070000000000000092e-04
3.040000000000000167e-04 -1.744000000000000107e-03
9.210000000000000521e-04 -2.959999999999999958e-03
1.982999999999999954e-03 -4.197000000000000210e-03
3.556999999999999832e-03 -5.388000000000000428e-03
5.705000000000000002e-03 -6.536000000000000143e-03
8.550000000000000308e-03 -7.661000000000000275e-03
1.232499999999999915e-02 -8.776000000000000814e-03
1.737899999999999862e-02 -9.877999999999999628e-03
2.406399999999999859e-02 -1.089799999999999970e-02
3.246999999999999886e-02 -1.171900000000000025e-02
4.228599999999999720e-02 -1.226200000000000033e-02
5.302799999999999875e-02 -1.251200000000000055e-02
6.432599999999999429e-02 -1.251299999999999982e-02
7.597299999999999887e-02 -1.233399999999999948e-02
8.785999999999999366e-02 -1.201900000000000017e-02
9.992399999999999893e-02 -1.162200000000000039e-02
1.121150000000000063e-01 -1.116400000000000031e-02
1.243999999999999967e-01 -1.066399999999999987e-02
1.367589999999999917e-01 -1.014299999999999924e-02
1.492390000000000105e-01 -9.615999999999999548e-03
1.618060000000000054e-01 -9.086999999999999592e-03
1.744360000000000077e-01 -8.560999999999999166e-03
1.871200000000000085e-01 -8.044000000000000802e-03
1.997980000000000034e-01 -7.539999999999999827e-03
2.125120000000000064e-01 -7.052000000000000109e-03
2.252649999999999930e-01 -6.583999999999999575e-03
2.380670000000000008e-01 -6.138000000000000227e-03
2.508819999999999939e-01 -5.719000000000000125e-03
2.637439999999999785e-01 -5.323999999999999740e-03
2.766270000000000118e-01 -4.954000000000000070e-03
2.895360000000000156e-01 -4.608000000000000117e-03
3.024649999999999839e-01 -4.283999999999999614e-03
3.153940000000000077e-01 -3.983000000000000429e-03
3.283090000000000175e-01 -3.703000000000000128e-03
3.412000000000000033e-01 -3.444000000000000013e-03
3.540499999999999758e-01 -3.206000000000000082e-03
3.668540000000000134e-01 -2.987000000000000072e-03
3.796059999999999990e-01 -2.786999999999999981e-03
3.923090000000000188e-01 -2.605000000000000111e-03
4.049730000000000274e-01 -2.439999999999999895e-03
4.176369999999999805e-01 -2.288999999999999802e-03
4.302730000000000166e-01 -2.150000000000000001e-03
4.428929999999999811e-01 -2.021999999999999926e-03
4.555000000000000160e-01 -1.905000000000000009e-03
4.680940000000000101e-01 -1.796999999999999986e-03
4.806900000000000062e-01 -1.698000000000000074e-03
4.932810000000000250e-01 -1.608000000000000054e-03
5.058660000000000379e-01 -1.526000000000000013e-03
5.184459999999999624e-01 -1.451000000000000033e-03
5.310240000000000515e-01 -1.382999999999999898e-03
5.435990000000000544e-01 -1.322000000000000041e-03
5.561760000000000037e-01 -1.266999999999999897e-03
5.687529999999999530e-01 -1.217999999999999899e-03
5.813310000000000421e-01 -1.175999999999999962e-03
5.939119999999999955e-01 -1.139999999999999954e-03
6.064979999999999816e-01 -1.110000000000000092e-03
6.190839999999999677e-01 -1.085999999999999943e-03
6.316730000000000400e-01 -1.067999999999999939e-03
6.442620000000000013e-01 -1.056999999999999997e-03
6.568540000000000489e-01 -1.051000000000000068e-03
6.694980000000000375e-01 -1.048000000000000103e-03
6.821409999999999973e-01 -1.046000000000000055e-03
6.947879999999999612e-01 -1.043000000000000090e-03
7.074350000000000360e-01 -1.039999999999999909e-03
7.200819999999999999e-01 -1.038000000000000077e-03
7.327280000000000459e-01 -1.034999999999999896e-03
7.453729999999999523e-01 -1.031999999999999931e-03
7.580189999999999984e-01 -1.030000000000000100e-03
7.706650000000000444e-01 -1.026999999999999918e-03
7.833090000000000330e-01 -1.023999999999999954e-03
7.959540000000000504e-01 -1.021999999999999905e-03
8.086020000000000429e-01 -1.018999999999999941e-03
8.212519999999999820e-01 -1.015999999999999976e-03
8.339060000000000361e-01 -1.013999999999999927e-03
8.465660000000000407e-01 -1.010999999999999963e-03
8.592300000000000493e-01 -1.007999999999999998e-03
8.719019999999999548e-01 -1.005000000000000034e-03
8.845769999999999467e-01 -1.002999999999999985e-03
8.972470000000000168e-01 -1.000000000000000021e-03
9.099129999999999718e-01 -9.970000000000000563e-04
9.225809999999999844e-01 -9.950000000000000077e-04
9.352479999999999682e-01 -9.920000000000000432e-04
9.479119999999999768e-01 -9.890000000000000787e-04
9.605380000000000029e-01 -9.870000000000000301e-04
9.730039999999999800e-01 -9.840000000000000656e-04
9.848329999999999584e-01 -9.820000000000000170e-04
9.948500000000000121e-01 -9.799999999999999684e-04
1.000008000000000008e+00 -9.779999999999999197e-04
