1.000000000000000000e+00 7.499999999999999722e-03
9.000000000000000222e-01 4.674999999999999989e-02
8.000000000000000444e-01 8.219999999999999529e-02
6.999999999999999556e-01 1.114499999999999935e-01
5.999999999999999778e-01 1.365000000000000102e-01
5.000000000000000000e-01 1.537499999999999978e-01
4.000000000000000222e-01 1.605000000000000038e-01
2.999999999999999889e-01 1.572500000000000009e-01
2.000000000000000111e-01 1.426999999999999935e-01
1.499999999999999944e-01 1.274299999999999877e-01
1.000000000000000056e-01 1.069500000000000034e-01
7.499999999999999722e-02 9.310999999999999832e-02
5.000000000000000278e-02 7.537000000000000643e-02
2.500000000000000139e-02 5.143999999999999961e-02
1.250000000000000069e-02 3.452000000000000207e-02
0.000000000000000000e+00 0.000000000000000000e+00
1.250000000000000069e-02 -2.678000000000000172e-02
2.500000000000000139e-02 -3.606000000000000177e-02
5.000000000000000278e-02 -4.512000000000000038e-02
7.499999999999999722e-02 -4.968999999999999806e-02
1.000000000000000056e-01 -5.045000000000000179e-02
1.499999999999999944e-01 -5.036999999999999811e-02
2.000000000000000111e-01 -4.850000000000000144e-02
2.999999999999999889e-01 -4.275000000000000328e-02
4.000000000000000222e-01 -3.699999999999999817e-02
5.000000000000000000e-01 -3.125000000000000000e-02
5.999999999999999778e-01 -2.549999999999999836e-02
6.999999999999999556e-01 -1.975000000000000019e-02
8.000000000000000444e-01 -1.400000000000000029e-02
9.000000000000000222e-01 -8.250000000000000389e-03
1.000000000000000000e+00 0.000000000000000000e+00
