1.000000000000000000e+00 0.000000000000000000e+00
9.499999999999999556e-01 2.050000000000000173e-03
9.000000000000000222e-01 5.100000000000000366e-03
8.000000000000000444e-01 1.669999999999999957e-02
6.999999999999999556e-01 3.529999999999999805e-02
5.999999999999999778e-01 5.589999999999999830e-02
5.000000000000000000e-01 7.549999999999999767e-02
4.000000000000000222e-01 9.210000000000000131e-02
2.999999999999999889e-01 9.919999999999999651e-02
2.000000000000000111e-01 9.329999999999999405e-02
1.499999999999999944e-01 8.484999999999999487e-02
1.000000000000000056e-01 7.040000000000000424e-02
7.499999999999999722e-02 5.992000000000000104e-02
5.000000000000000278e-02 4.744999999999999912e-02
2.500000000000000139e-02 2.997000000000000011e-02
1.250000000000000069e-02 1.949000000000000038e-02
0.000000000000000000e+00 0.000000000000000000e+00
1.250000000000000069e-02 -9.310000000000000567e-03
2.500000000000000139e-02 -9.520000000000000684e-03
5.000000000000000278e-02 -8.550000000000000308e-03
7.499999999999999722e-02 -7.069999999999999896e-03
1.000000000000000056e-01 -6.100000000000000387e-03
1.499999999999999944e-01 -3.650000000000000033e-03
2.000000000000000111e-01 -1.699999999999999905e-03
2.999999999999999889e-01 1.699999999999999905e-03
4.000000000000000222e-01 2.599999999999999881e-03
5.000000000000000000e-01 5.000000000000000104e-04
5.999999999999999778e-01 -4.100000000000000346e-03
6.999999999999999556e-01 -9.199999999999999845e-03
8.000000000000000444e-01 -1.080000000000000057e-02
9.000000000000000222e-01 -8.399999999999999481e-03
9.499999999999999556e-01 -4.950000000000000407e-03
1.000000000000000000e+00 0.000000000000000000e+00
