1.000000000000000000e+00 8.000000000000000167e-03
9.000000000000000222e-01 3.919999999999999873e-02
8.000000000000000444e-01 6.740000000000000158e-02
6.999999999999999556e-01 9.059999999999999998e-02
5.999999999999999778e-01 1.103999999999999981e-01
5.000000000000000000e-01 1.239999999999999991e-01
4.000000000000000222e-01 1.292000000000000093e-01
2.999999999999999889e-01 1.264000000000000123e-01
2.000000000000000111e-01 1.145999999999999935e-01
1.499999999999999944e-01 1.021999999999999992e-01
5.000000000000000278e-02 6.040000000000000230e-02
2.500000000000000139e-02 4.120000000000000051e-02
1.250000000000000069e-02 2.759999999999999953e-02
0.000000000000000000e+00 0.000000000000000000e+00
1.250000000000000069e-02 -2.139999999999999888e-02
2.500000000000000139e-02 -2.879999999999999921e-02
5.000000000000000278e-02 -3.599999999999999728e-02
1.499999999999999944e-01 -4.000000000000000083e-02
2.000000000000000111e-01 -3.839999999999999664e-02
2.999999999999999889e-01 -3.359999999999999792e-02
4.000000000000000222e-01 -2.879999999999999921e-02
5.000000000000000000e-01 -2.400000000000000050e-02
5.999999999999999778e-01 -1.919999999999999832e-02
6.999999999999999556e-01 -1.439999999999999961e-02
8.000000000000000444e-01 -9.599999999999999159e-03
9.000000000000000222e-01 -4.799999999999999580e-03
1.000000000000000000e+00 0.000000000000000000e+00
