1.000000000000000000e+00 4.000000000000000083e-03
9.499999999999999556e-01 1.580000000000000154e-02
9.000000000000000222e-01 2.759999999999999953e-02
8.000000000000000444e-01 4.900000000000000189e-02
6.999999999999999556e-01 6.660000000000000642e-02
5.999999999999999778e-01 8.160000000000000586e-02
5.000000000000000000e-01 9.199999999999999845e-02
4.000000000000000222e-01 9.610000000000000486e-02
2.999999999999999889e-01 9.420000000000000595e-02
2.000000000000000111e-01 8.559999999999999554e-02
1.499999999999999944e-01 7.630000000000000671e-02
1.000000000000000056e-01 6.419999999999999318e-02
7.499999999999999722e-02 5.575000000000000094e-02
5.000000000000000278e-02 4.519999999999999712e-02
2.500000000000000139e-02 3.084999999999999895e-02
1.250000000000000069e-02 2.062999999999999903e-02
8.000000000000000167e-03 1.607000000000000095e-02
6.000000000000000125e-03 1.349999999999999985e-02
4.000000000000000083e-03 1.094000000000000007e-02
2.000000000000000042e-03 7.570000000000000340e-03
0.000000000000000000e+00 0.000000000000000000e+00
2.000000000000000042e-03 -5.930000000000000375e-03
4.000000000000000083e-03 -9.360000000000000264e-03
6.000000000000000125e-03 -1.179999999999999973e-02
8.000000000000000167e-03 -1.353000000000000036e-02
1.250000000000000069e-02 -1.607000000000000095e-02
2.500000000000000139e-02 -2.164999999999999911e-02
5.000000000000000278e-02 -2.709999999999999909e-02
7.499999999999999722e-02 -2.985000000000000153e-02
1.000000000000000056e-01 -3.039999999999999994e-02
1.499999999999999944e-01 -3.030000000000000054e-02
2.000000000000000111e-01 -2.920000000000000026e-02
2.999999999999999889e-01 -2.580000000000000002e-02
4.000000000000000222e-01 -2.239999999999999977e-02
5.000000000000000000e-01 -1.899999999999999953e-02
5.999999999999999778e-01 -1.559999999999999928e-02
6.999999999999999556e-01 -1.220000000000000077e-02
8.000000000000000444e-01 -8.800000000000000530e-03
9.000000000000000222e-01 -5.400000000000000286e-03
9.499999999999999556e-01 -2.899999999999999800e-03
1.000000000000000000e+00 0.000000000000000000e+00
