1.000000000000000000e+00 0.000000000000000000e+00
9.499999999999999556e-01 6.100000000000000387e-03
9.000000000000000222e-01 1.190000000000000085e-02
8.000000000000000444e-01 2.369999999999999885e-02
6.999999999999999556e-01 3.459999999999999881e-02
5.999999999999999778e-01 4.529999999999999999e-02
5.000000000000000000e-01 5.569999999999999951e-02
4.000000000000000222e-01 6.539999999999999980e-02
2.999999999999999889e-01 7.280000000000000360e-02
2.500000000000000000e-01 7.430000000000000493e-02
2.000000000000000111e-01 7.399999999999999634e-02
1.499999999999999944e-01 7.090000000000000469e-02
1.000000000000000056e-01 6.279999999999999472e-02
5.000000000000000278e-02 4.809999999999999692e-02
2.500000000000000139e-02 3.599999999999999728e-02
1.250000000000000069e-02 2.639999999999999986e-02
0.000000000000000000e+00 0.000000000000000000e+00
1.250000000000000069e-02 -1.700000000000000122e-02
2.500000000000000139e-02 -2.330000000000000127e-02
5.000000000000000278e-02 -3.030000000000000054e-02
1.000000000000000056e-01 -3.830000000000000071e-02
1.499999999999999944e-01 -4.189999999999999974e-02
2.000000000000000111e-01 -4.429999999999999910e-02
2.500000000000000000e-01 -4.580000000000000043e-02
2.999999999999999889e-01 -4.649999999999999967e-02
4.000000000000000222e-01 -4.519999999999999712e-02
5.000000000000000000e-01 -4.209999999999999853e-02
5.999999999999999778e-01 -3.640000000000000180e-02
6.999999999999999556e-01 -2.889999999999999861e-02
8.000000000000000444e-01 -2.050000000000000086e-02
9.000000000000000222e-01 -1.099999999999999936e-02
9.499999999999999556e-01 -5.899999999999999863e-03
1.000000000000000000e+00 0.000000000000000000e+00
