1.000000000000000000e+00 0.000000000000000000e+00
9.957200000000000495e-01 1.010000000000000047e-03
9.829599999999999449e-01 3.820000000000000045e-03
9.619400000000000173e-01 7.929999999999999549e-03
9.330100000000000060e-01 1.294000000000000011e-02
8.966800000000000326e-01 1.862000000000000113e-02
8.535500000000000309e-01 2.486999999999999975e-02
8.043799999999999839e-01 3.155999999999999778e-02
7.500000000000000000e-01 3.844999999999999807e-02
6.913399999999999546e-01 4.524000000000000243e-02
6.294100000000000250e-01 5.149000000000000105e-02
5.652599999999999847e-01 5.680000000000000326e-02
5.000000000000000000e-01 6.078000000000000069e-02
4.347400000000000153e-01 6.318999999999999617e-02
3.705899999999999750e-01 6.395000000000000684e-02
3.392800000000000260e-01 6.372999999999999499e-02
3.086599999999999899e-01 6.311999999999999555e-02
2.788599999999999968e-01 6.210000000000000242e-02
2.500000000000000000e-01 6.065999999999999864e-02
2.222099999999999909e-01 5.877000000000000279e-02
1.956199999999999883e-01 5.643000000000000099e-02
1.703300000000000092e-01 5.367000000000000243e-02
1.464499999999999968e-01 5.052999999999999853e-02
1.240799999999999959e-01 4.705999999999999767e-02
1.033199999999999952e-01 4.331999999999999740e-02
8.426999999999999769e-02 3.933999999999999997e-02
6.698999999999999400e-02 3.513000000000000150e-02
5.156000000000000166e-02 3.071000000000000119e-02
3.805999999999999661e-02 2.610000000000000167e-02
2.653000000000000150e-02 2.135000000000000092e-02
1.703999999999999959e-02 1.659000000000000058e-02
9.610000000000000486e-03 1.195000000000000055e-02
4.279999999999999950e-03 7.590000000000000392e-03
1.069999999999999988e-03 3.569999999999999823e-03
0.000000000000000000e+00 -9.000000000000000567e-05
1.069999999999999988e-03 -3.490000000000000047e-03
4.279999999999999950e-03 -6.689999999999999766e-03
9.610000000000000486e-03 -9.660000000000000184e-03
1.703999999999999959e-02 -1.230000000000000017e-02
2.653000000000000150e-02 -1.450000000000000074e-02
3.805999999999999661e-02 -1.621999999999999831e-02
5.156000000000000166e-02 -1.753000000000000044e-02
6.698999999999999400e-02 -1.856999999999999970e-02
8.426999999999999769e-02 -1.942999999999999935e-02
1.033199999999999952e-01 -2.012999999999999859e-02
1.240799999999999959e-01 -2.058000000000000107e-02
1.464499999999999968e-01 -2.070999999999999924e-02
1.703300000000000092e-01 -2.049000000000000127e-02
1.956199999999999883e-01 -1.997000000000000164e-02
2.222099999999999909e-01 -1.927999999999999853e-02
2.500000000000000000e-01 -1.855000000000000052e-02
2.788599999999999968e-01 -1.784000000000000169e-02
3.086599999999999899e-01 -1.716000000000000164e-02
3.392800000000000260e-01 -1.648000000000000159e-02
3.705899999999999750e-01 -1.578999999999999848e-02
4.347400000000000153e-01 -1.439999999999999961e-02
5.000000000000000000e-01 -1.301000000000000073e-02
5.652599999999999847e-01 -1.166000000000000023e-02
6.294100000000000250e-01 -1.034999999999999983e-02
6.913399999999999546e-01 -9.100000000000000450e-03
7.500000000000000000e-01 -7.879999999999999852e-03
8.043799999999999839e-01 -6.740000000000000331e-03
8.535500000000000309e-01 -5.689999999999999745e-03
8.966800000000000326e-01 -4.749999999999999882e-03
9.330100000000000060e-01 -3.820000000000000045e-03
9.619400000000000173e-01 -2.749999999999999840e-03
9.829599999999999449e-01 -1.529999999999999893e-03
9.957200000000000495e-01 -4.400000000000000157e-04
1.000000000000000000e+00 0.000000000000000000e+00
