1.000000000000000000e+00 0.000000000000000000e+00
9.499999999999999556e-01 5.000000000000000104e-03
9.000000000000000222e-01 9.700000000000000289e-03
8.000000000000000444e-01 1.969999999999999876e-02
6.999999999999999556e-01 2.939999999999999905e-02
5.999999999999999778e-01 3.899999999999999994e-02
5.000000000000000000e-01 4.979999999999999705e-02
4.000000000000000222e-01 6.090000000000000274e-02
2.999999999999999889e-01 7.049999999999999323e-02
2.500000000000000000e-01 7.370000000000000162e-02
2.000000000000000111e-01 7.499999999999999722e-02
1.499999999999999944e-01 7.380000000000000449e-02
1.000000000000000056e-01 6.719999999999999585e-02
5.000000000000000278e-02 5.330000000000000016e-02
2.500000000000000139e-02 4.000000000000000083e-02
1.250000000000000069e-02 2.989999999999999949e-02
0.000000000000000000e+00 0.000000000000000000e+00
1.250000000000000069e-02 -1.899999999999999953e-02
2.500000000000000139e-02 -2.599999999999999881e-02
5.000000000000000278e-02 -3.479999999999999760e-02
1.000000000000000056e-01 -4.200000000000000261e-02
1.499999999999999944e-01 -4.440000000000000197e-02
2.000000000000000111e-01 -4.499999999999999833e-02
2.500000000000000000e-01 -4.519999999999999712e-02
2.999999999999999889e-01 -4.429999999999999910e-02
4.000000000000000222e-01 -4.100000000000000172e-02
5.000000000000000000e-01 -3.640000000000000180e-02
5.999999999999999778e-01 -3.059999999999999873e-02
6.999999999999999556e-01 -2.359999999999999945e-02
8.000000000000000444e-01 -1.619999999999999912e-02
9.000000000000000222e-01 -8.399999999999999481e-03
9.499999999999999556e-01 -4.199999999999999740e-03
1.000000000000000000e+00 0.000000000000000000e+00
