1.000000000000000000e+00 0.000000000000000000e+00
9.499999999999999556e-01 1.226999999999999966e-02
9.000000000000000222e-01 2.355000000000000149e-02
8.000000000000000444e-01 4.660000000000000253e-02
6.999999999999999556e-01 6.865000000000000269e-02
5.999999999999999778e-01 8.669999999999999929e-02
5.000000000000000000e-01 1.032499999999999946e-01
4.000000000000000222e-01 1.132999999999999979e-01
2.999999999999999889e-01 1.143499999999999933e-01
2.000000000000000111e-01 1.044000000000000067e-01
1.499999999999999944e-01 9.317999999999999894e-02
1.000000000000000056e-01 7.595000000000000362e-02
7.499999999999999722e-02 6.458999999999999464e-02
5.000000000000000278e-02 5.172999999999999821e-02
2.500000000000000139e-02 3.436000000000000165e-02
1.250000000000000069e-02 2.292999999999999899e-02
0.000000000000000000e+00 0.000000000000000000e+00
1.250000000000000069e-02 -1.456999999999999962e-02
2.500000000000000139e-02 -1.763999999999999943e-02
5.000000000000000278e-02 -2.178000000000000075e-02
7.499999999999999722e-02 -2.441000000000000114e-02
1.000000000000000056e-01 -2.554999999999999979e-02
1.499999999999999944e-01 -2.682000000000000009e-02
2.000000000000000111e-01 -2.709999999999999909e-02
2.999999999999999889e-01 -2.415000000000000133e-02
4.000000000000000222e-01 -1.969999999999999876e-02
5.000000000000000000e-01 -1.425000000000000051e-02
5.999999999999999778e-01 -8.300000000000000086e-03
6.999999999999999556e-01 -3.850000000000000124e-03
8.000000000000000444e-01 -1.399999999999999986e-03
9.000000000000000222e-01 -4.499999999999999877e-04
9.499999999999999556e-01 -2.300000000000000070e-04
1.000000000000000000e+00 0.000000000000000000e+00
