1.000000000000000000e+00 0.000000000000000000e+00
9.989299999999999846e-01 2.500000000000000052e-04
9.957200000000000495e-01 9.899999999999999946e-04
9.903899999999999926e-01 2.190000000000000106e-03
9.829599999999999449e-01 3.789999999999999966e-03
9.734699999999999465e-01 5.709999999999999798e-03
9.619400000000000173e-01 7.870000000000000259e-03
9.484399999999999498e-01 1.014999999999999930e-02
9.330100000000000060e-01 1.260999999999999968e-02
9.157300000000000439e-01 1.533999999999999947e-02
8.966800000000000326e-01 1.831999999999999948e-02
8.759200999999999793e-01 2.146999999999999950e-02
8.535500000000000309e-01 2.476000000000000076e-02
8.296700000000000186e-01 2.813999999999999835e-02
8.043801000000000423e-01 3.153999999999999859e-02
7.777899999999999814e-01 3.491999999999999965e-02
7.500000000000000000e-01 3.826000000000000234e-02
7.211400000000000032e-01 4.157000000000000278e-02
6.913399999999999546e-01 4.485999999999999710e-02
6.607199999999999740e-01 4.812999999999999917e-02
6.294100000000000250e-01 5.129000000000000226e-02
5.975500000000000256e-01 5.423999999999999655e-02
5.652599999999999847e-01 5.688000000000000000e-02
5.326999999999999513e-01 5.917000000000000037e-02
5.000000000000000000e-01 6.101999999999999785e-02
4.672999999999999932e-01 6.242000000000000326e-02
4.347400000000000153e-01 6.333999999999999353e-02
4.024499999999999744e-01 6.381000000000000560e-02
3.705899999999999750e-01 6.385000000000000397e-02
3.392800000000000260e-01 6.351999999999999313e-02
3.086599999999999899e-01 6.286999999999999533e-02
2.788599999999999968e-01 6.192999999999999894e-02
2.500000000000000000e-01 6.067999999999999783e-02
2.222099999999999909e-01 5.886999999999999872e-02
1.956199999999999883e-01 5.648000000000000242e-02
1.703300000000000092e-01 5.356000000000000344e-02
1.464499999999999968e-01 5.036000000000000199e-02
1.240799999999999959e-01 4.701000000000000317e-02
1.033199999999999952e-01 4.336999999999999883e-02
8.426999999999999769e-02 3.939000000000000140e-02
6.698999999999999400e-02 3.515999999999999681e-02
5.156000000000000166e-02 3.062000000000000138e-02
3.805999999999999661e-02 2.582999999999999879e-02
2.653000000000000150e-02 2.160000000000000114e-02
1.703999999999999959e-02 1.689999999999999836e-02
9.610000000000000486e-03 1.190000000000000085e-02
4.279999999999999950e-03 7.199999999999999803e-03
1.069999999999999988e-03 3.200000000000000153e-03
0.000000000000000000e+00 0.000000000000000000e+00
1.069999999999999988e-03 -3.000000000000000062e-03
4.279999999999999950e-03 -6.700000000000000226e-03
9.610000000000000486e-03 -9.499999999999999764e-03
1.703999999999999959e-02 -1.238999999999999997e-02
2.653000000000000150e-02 -1.467000000000000075e-02
3.805999999999999661e-02 -1.648000000000000159e-02
5.156000000000000166e-02 -1.822000000000000008e-02
6.698999999999999400e-02 -1.949999999999999997e-02
8.426999999999999769e-02 -2.009999999999999981e-02
1.033199999999999952e-01 -2.032000000000000126e-02
1.240799999999999959e-01 -2.053999999999999923e-02
1.464499999999999968e-01 -2.065000000000000169e-02
1.703300000000000092e-01 -2.034000000000000044e-02
1.956199999999999883e-01 -1.969999999999999876e-02
2.222099999999999909e-01 -1.904000000000000137e-02
2.500000000000000000e-01 -1.835000000000000173e-02
2.788599999999999968e-01 -1.779000000000000026e-02
3.086599999999999899e-01 -1.719000000000000042e-02
3.392800000000000260e-01 -1.652999999999999955e-02
3.705899999999999750e-01 -1.583000000000000032e-02
4.024499999999999744e-01 -1.511999999999999976e-02
4.347400000000000153e-01 -1.439999999999999961e-02
4.672999999999999932e-01 -1.369000000000000078e-02
5.000000000000000000e-01 -1.298000000000000022e-02
5.326999999999999513e-01 -1.226000000000000006e-02
5.652599999999999847e-01 -1.153999999999999991e-02
5.975500000000000256e-01 -1.084000000000000068e-02
6.294100000000000250e-01 -1.013000000000000012e-02
6.607199999999999740e-01 -9.450000000000000067e-03
6.913399999999999546e-01 -8.779999999999999610e-03
7.211400000000000032e-01 -8.120000000000000481e-03
7.500000000000000000e-01 -7.490000000000000130e-03
7.777899999999999814e-01 -6.879999999999999831e-03
8.043801000000000423e-01 -6.289999999999999584e-03
8.296700000000000186e-01 -5.740000000000000310e-03
8.535500000000000309e-01 -5.210000000000000221e-03
8.759200999999999793e-01 -4.720000000000000237e-03
8.966800000000000326e-01 -4.270000000000000358e-03
9.157300000000000439e-01 -3.850000000000000124e-03
9.330100000000000060e-01 -3.469999999999999994e-03
9.484399999999999498e-01 -3.129999999999999970e-03
9.619400000000000173e-01 -2.700000000000000143e-03
9.734699999999999465e-01 -2.109999999999999896e-03
9.829599999999999449e-01 -1.479999999999999979e-03
9.903899999999999926e-01 -8.899999999999999491e-04
9.957200000000000495e-01 -4.099999999999999912e-04
9.989299999999999846e-01 -1.100000000000000039e-04
1.000000000000000000e+00 0.000000000000000000e+00
