1.000000000000000000e+00 0.000000000000000000e+00
9.499999999999999556e-01 2.065000000000000169e-02
9.000000000000000222e-01 3.629999999999999893e-02
8.000000000000000444e-01 6.160000000000000198e-02
6.999999999999999556e-01 7.789999999999999702e-02
5.999999999999999778e-01 8.719999999999999973e-02
5.000000000000000000e-01 9.149999999999999800e-02
4.000000000000000222e-01 8.980000000000000482e-02
2.999999999999999889e-01 8.409999999999999420e-02
2.000000000000000111e-01 7.140000000000000513e-02
1.499999999999999944e-01 6.304999999999999494e-02
1.000000000000000056e-01 5.070000000000000201e-02
7.499999999999999722e-02 4.352000000000000313e-02
5.000000000000000278e-02 3.434999999999999859e-02
2.500000000000000139e-02 2.317999999999999922e-02
0.000000000000000000e+00 0.000000000000000000e+00
2.500000000000000139e-02 -5.819999999999999653e-03
5.000000000000000278e-02 -3.650000000000000033e-03
7.499999999999999722e-02 -4.699999999999999859e-04
1.000000000000000056e-01 3.700000000000000164e-03
1.499999999999999944e-01 1.004999999999999991e-02
2.000000000000000111e-01 1.640000000000000138e-02
2.999999999999999889e-01 2.409999999999999989e-02
4.000000000000000222e-01 2.980000000000000010e-02
5.000000000000000000e-01 3.350000000000000200e-02
5.999999999999999778e-01 3.420000000000000123e-02
6.999999999999999556e-01 3.189999999999999780e-02
8.000000000000000444e-01 2.860000000000000042e-02
9.000000000000000222e-01 2.230000000000000038e-02
9.499999999999999556e-01 1.464999999999999983e-02
1.000000000000000000e+00 0.000000000000000000e+00
