1.000000000000000000e+00 4.000000000000000083e-03
9.499999999999999556e-01 1.640000000000000138e-02
9.000000000000000222e-01 2.879999999999999921e-02
8.000000000000000444e-01 5.260000000000000092e-02
6.999999999999999556e-01 7.340000000000000691e-02
5.999999999999999778e-01 8.970000000000000195e-02
5.000000000000000000e-01 1.015000000000000069e-01
4.000000000000000222e-01 1.087999999999999939e-01
2.999999999999999889e-01 1.096000000000000030e-01
2.000000000000000111e-01 1.014000000000000040e-01
1.499999999999999944e-01 9.180000000000000659e-02
1.000000000000000056e-01 7.820000000000000562e-02
7.499999999999999722e-02 6.890000000000000291e-02
5.000000000000000278e-02 5.659999999999999754e-02
2.500000000000000139e-02 3.980000000000000204e-02
1.250000000000000069e-02 2.614999999999999963e-02
0.000000000000000000e+00 0.000000000000000000e+00
1.250000000000000069e-02 -1.184999999999999942e-02
2.500000000000000139e-02 -1.170000000000000033e-02
5.000000000000000278e-02 -9.400000000000000369e-03
7.499999999999999722e-02 -7.100000000000000408e-03
1.000000000000000056e-01 -4.799999999999999580e-03
1.499999999999999944e-01 -2.000000000000000096e-04
2.000000000000000111e-01 4.400000000000000265e-03
2.999999999999999889e-01 1.159999999999999920e-02
4.000000000000000222e-01 1.480000000000000066e-02
5.000000000000000000e-01 1.499999999999999944e-02
5.999999999999999778e-01 1.469999999999999953e-02
6.999999999999999556e-01 1.239999999999999956e-02
8.000000000000000444e-01 8.600000000000000006e-03
9.000000000000000222e-01 3.799999999999999992e-03
9.499999999999999556e-01 1.899999999999999996e-03
1.000000000000000000e+00 0.000000000000000000e+00
