1.000000000000000000e+00 3.000000000000000062e-03
9.499999999999999556e-01 1.634999999999999995e-02
9.000000000000000222e-01 2.570000000000000062e-02
8.000000000000000444e-01 4.440000000000000197e-02
6.999999999999999556e-01 6.110000000000000153e-02
5.999999999999999778e-01 7.580000000000000626e-02
5.000000000000000000e-01 8.649999999999999356e-02
4.000000000000000222e-01 9.220000000000000417e-02
2.999999999999999889e-01 9.189999999999999558e-02
2.000000000000000111e-01 8.559999999999999554e-02
1.499999999999999944e-01 7.895000000000000628e-02
1.000000000000000056e-01 6.650000000000000355e-02
7.499999999999999722e-02 5.797999999999999682e-02
5.000000000000000278e-02 4.664999999999999702e-02
2.500000000000000139e-02 3.182000000000000106e-02
2.000000000000000042e-02 2.845999999999999919e-02
1.499999999999999944e-02 2.429999999999999868e-02
1.000000000000000021e-02 1.942999999999999935e-02
5.000000000000000104e-03 1.285999999999999990e-02
0.000000000000000000e+00 0.000000000000000000e+00
5.000000000000000104e-03 -9.329999999999999752e-03
1.000000000000000021e-02 -1.187000000000000034e-02
1.499999999999999944e-02 -1.250000000000000069e-02
2.000000000000000042e-02 -1.223999999999999914e-02
2.500000000000000139e-02 -1.167999999999999941e-02
5.000000000000000278e-02 -5.349999999999999721e-03
7.499999999999999722e-02 9.700000000000000505e-04
1.000000000000000056e-01 6.300000000000000044e-03
1.499999999999999944e-01 1.594999999999999890e-02
2.000000000000000111e-01 2.359999999999999945e-02
2.999999999999999889e-01 3.490000000000000047e-02
4.000000000000000222e-01 4.120000000000000051e-02
5.000000000000000000e-01 4.250000000000000305e-02
5.999999999999999778e-01 4.279999999999999777e-02
6.999999999999999556e-01 3.810000000000000192e-02
8.000000000000000444e-01 2.939999999999999905e-02
9.000000000000000222e-01 1.669999999999999957e-02
9.499999999999999556e-01 8.349999999999999784e-03
1.000000000000000000e+00 0.000000000000000000e+00
