1.000000000000000000e+00 1.000000000000000021e-03
9.826930000000000387e-01 1.730999999999999900e-03
9.526820000000000288e-01 6.072000000000000140e-03
9.216689999999999605e-01 1.128400000000000063e-02
8.880559999999999565e-01 1.999799999999999842e-02
8.607460000000000111e-01 2.958200000000000066e-02
8.359360000000000124e-01 4.179599999999999982e-02
8.147280000000000078e-01 5.750199999999999756e-02
7.904799999999999605e-01 8.130099999999999827e-02
7.561600000000000543e-01 1.044029999999999958e-01
7.204300000000000148e-01 1.207880000000000065e-01
6.835900000000000309e-01 1.317480000000000040e-01
6.459399999999999586e-01 1.396120000000000139e-01
6.077799999999999869e-01 1.456639999999999879e-01
5.693700000000000427e-01 1.500009999999999954e-01
5.309899999999999620e-01 1.523809999999999887e-01
4.926499999999999768e-01 1.528519999999999879e-01
4.543499999999999761e-01 1.518629999999999980e-01
4.163799999999999724e-01 1.499880000000000102e-01
3.788699999999999846e-01 1.474280000000000035e-01
3.420400000000000107e-01 1.439620000000000066e-01
3.060899999999999732e-01 1.393330000000000124e-01
2.711999999999999966e-01 1.336990000000000123e-01
2.376000000000000056e-01 1.274440000000000017e-01
2.054900000000000060e-01 1.207570000000000032e-01
1.750400000000000011e-01 1.134300000000000030e-01
1.464799999999999991e-01 1.051320000000000032e-01
1.199899999999999994e-01 9.573900000000000465e-02
9.575999999999999790e-02 8.538800000000000556e-02
7.395000000000000184e-02 7.453500000000000403e-02
5.467999999999999944e-02 6.341900000000000315e-02
3.810999999999999804e-02 5.194900000000000212e-02
2.433000000000000093e-02 4.034399999999999792e-02
1.337999999999999953e-02 2.908600000000000074e-02
5.479999999999999628e-03 1.851500000000000021e-02
9.799999999999999684e-04 8.704999999999999197e-03
0.000000000000000000e+00 0.000000000000000000e+00
9.799999999999999684e-04 -8.704999999999999197e-03
5.479999999999999628e-03 -1.851500000000000021e-02
1.337999999999999953e-02 -2.908600000000000074e-02
2.433000000000000093e-02 -4.034399999999999792e-02
3.810999999999999804e-02 -5.194900000000000212e-02
5.467999999999999944e-02 -6.341900000000000315e-02
7.395000000000000184e-02 -7.453500000000000403e-02
9.575999999999999790e-02 -8.538800000000000556e-02
1.199899999999999994e-01 -9.573900000000000465e-02
1.464799999999999991e-01 -1.051320000000000032e-01
1.750400000000000011e-01 -1.134300000000000030e-01
2.054900000000000060e-01 -1.207570000000000032e-01
2.376000000000000056e-01 -1.274440000000000017e-01
2.711999999999999966e-01 -1.336990000000000123e-01
3.060899999999999732e-01 -1.393330000000000124e-01
3.420400000000000107e-01 -1.439620000000000066e-01
3.788699999999999846e-01 -1.474280000000000035e-01
4.163799999999999724e-01 -1.499880000000000102e-01
4.543499999999999761e-01 -1.518629999999999980e-01
4.926499999999999768e-01 -1.528519999999999879e-01
5.309899999999999620e-01 -1.523809999999999887e-01
5.693700000000000427e-01 -1.500009999999999954e-01
6.077799999999999869e-01 -1.456639999999999879e-01
6.459399999999999586e-01 -1.396120000000000139e-01
6.835900000000000309e-01 -1.317480000000000040e-01
7.204300000000000148e-01 -1.207880000000000065e-01
7.561600000000000543e-01 -1.044029999999999958e-01
7.904799999999999605e-01 -8.130099999999999827e-02
8.147280000000000078e-01 -5.750199999999999756e-02
8.359360000000000124e-01 -4.179599999999999982e-02
8.607460000000000111e-01 -2.958200000000000066e-02
8.880559999999999565e-01 -1.999799999999999842e-02
9.216689999999999605e-01 -1.128400000000000063e-02
9.526820000000000288e-01 -6.072000000000000140e-03
9.826930000000000387e-01 -1.730999999999999900e-03
1.000000000000000000e+00 -1.000000000000000021e-03
