1.000000000000000000e+00 0.000000000000000000e+00
9.499999999999999556e-01 1.239999999999999956e-02
9.000000000000000222e-01 2.479999999999999913e-02
8.000000000000000444e-01 4.760000000000000342e-02
6.999999999999999556e-01 6.790000000000000202e-02
5.999999999999999778e-01 8.469999999999999751e-02
5.000000000000000000e-01 9.800000000000000377e-02
4.000000000000000222e-01 1.058999999999999941e-01
2.999999999999999889e-01 1.064999999999999974e-01
2.000000000000000111e-01 9.679999999999999716e-02
1.499999999999999944e-01 8.669999999999999929e-02
7.499999999999999722e-02 6.185000000000000220e-02
5.000000000000000278e-02 5.040000000000000036e-02
2.500000000000000139e-02 3.574999999999999706e-02
1.250000000000000069e-02 2.522999999999999896e-02
0.000000000000000000e+00 0.000000000000000000e+00
1.250000000000000069e-02 -2.108000000000000151e-02
2.500000000000000139e-02 -2.815000000000000141e-02
5.000000000000000278e-02 -3.549999999999999684e-02
7.499999999999999722e-02 -3.935000000000000303e-02
1.499999999999999944e-01 -4.170000000000000095e-02
2.000000000000000111e-01 -4.000000000000000083e-02
2.999999999999999889e-01 -3.250000000000000111e-02
4.000000000000000222e-01 -2.340000000000000066e-02
5.000000000000000000e-01 -1.529999999999999936e-02
5.999999999999999778e-01 -8.899999999999999925e-03
6.999999999999999556e-01 -4.499999999999999660e-03
8.000000000000000444e-01 -1.699999999999999905e-03
9.000000000000000222e-01 8.999999999999999754e-04
9.499999999999999556e-01 1.100000000000000066e-03
1.000000000000000000e+00 0.000000000000000000e+00
