1.000000000000000000e+00 0.000000000000000000e+00
9.499999999999999556e-01 1.814999999999999947e-02
9.000000000000000222e-01 3.602000000000000340e-02
8.499999999999999778e-01 5.412999999999999756e-02
8.000000000000000444e-01 7.281999999999999584e-02
7.500000000000000000e-01 9.173000000000000598e-02
6.999999999999999556e-01 1.103699999999999959e-01
6.500000000000000222e-01 1.281499999999999861e-01
5.999999999999999778e-01 1.443399999999999961e-01
5.500000000000000444e-01 1.580000000000000016e-01
5.000000000000000000e-01 1.675000000000000100e-01
4.500000000000000111e-01 1.708399999999999919e-01
4.000000000000000222e-01 1.700299999999999867e-01
3.499999999999999778e-01 1.658199999999999952e-01
2.999999999999999889e-01 1.584399999999999975e-01
2.500000000000000000e-01 1.478700000000000014e-01
2.000000000000000111e-01 1.338799999999999990e-01
1.499999999999999944e-01 1.159300000000000053e-01
1.000000000000000056e-01 9.291000000000000647e-02
7.499999999999999722e-02 7.875999999999999668e-02
5.000000000000000278e-02 6.199000000000000343e-02
2.500000000000000139e-02 4.082000000000000212e-02
5.000000000000000104e-03 1.552000000000000081e-02
0.000000000000000000e+00 0.000000000000000000e+00
5.000000000000000104e-03 -9.639999999999999264e-03
2.500000000000000139e-02 -1.819000000000000131e-02
5.000000000000000278e-02 -2.262000000000000122e-02
7.499999999999999722e-02 -2.531999999999999876e-02
1.000000000000000056e-01 -2.719999999999999848e-02
1.499999999999999944e-01 -2.955999999999999947e-02
2.000000000000000111e-01 -3.080000000000000099e-02
2.500000000000000000e-01 -3.132999999999999674e-02
2.999999999999999889e-01 -3.130999999999999756e-02
3.499999999999999778e-01 -3.081000000000000058e-02
4.000000000000000222e-01 -2.985000000000000153e-02
4.500000000000000111e-01 -2.826000000000000040e-02
5.000000000000000000e-01 -2.615999999999999923e-02
5.500000000000000444e-01 -2.381000000000000130e-02
5.999999999999999778e-01 -2.130999999999999908e-02
6.500000000000000222e-01 -1.874999999999999931e-02
6.999999999999999556e-01 -1.620999999999999872e-02
7.500000000000000000e-01 -1.374000000000000048e-02
8.000000000000000444e-01 -1.136999999999999990e-02
8.499999999999999778e-01 -9.129999999999999227e-03
9.000000000000000222e-01 -6.939999999999999988e-03
9.499999999999999556e-01 -4.100000000000000346e-03
1.000000000000000000e+00 0.000000000000000000e+00
