1.000000000000000000e+00 1.899999999999999996e-03
9.899999999999999911e-01 1.119999999999999902e-03
9.749999999999999778e-01 -6.000000000000000152e-05
9.499999999999999556e-01 -2.030000000000000120e-03
9.250000000000000444e-01 -3.939999999999999926e-03
9.000000000000000222e-01 -4.309999999999999595e-03
8.499999999999999778e-01 4.810000000000000039e-03
8.000000000000000444e-01 1.435999999999999950e-02
7.500000000000000000e-01 2.402999999999999928e-02
6.999999999999999556e-01 3.343999999999999750e-02
6.500000000000000222e-01 4.173999999999999932e-02
5.999999999999999778e-01 4.891000000000000208e-02
5.500000000000000444e-01 5.503999999999999865e-02
5.000000000000000000e-01 6.008000000000000146e-02
4.500000000000000111e-01 6.390999999999999459e-02
4.000000000000000222e-01 6.640000000000000069e-02
3.499999999999999778e-01 6.750000000000000444e-02
2.999999999999999889e-01 6.737999999999999545e-02
2.500000000000000000e-01 6.607999999999999985e-02
2.000000000000000111e-01 6.328000000000000291e-02
1.499999999999999944e-01 5.827999999999999847e-02
1.250000000000000000e-01 5.467999999999999944e-02
1.000000000000000056e-01 5.011999999999999789e-02
8.000000000000000167e-02 4.553000000000000103e-02
6.500000000000000222e-02 4.136999999999999705e-02
5.000000000000000278e-02 3.640000000000000180e-02
3.500000000000000333e-02 3.029000000000000095e-02
2.500000000000000139e-02 2.530999999999999917e-02
2.000000000000000042e-02 2.237000000000000099e-02
1.600000000000000033e-02 1.975000000000000019e-02
1.250000000000000069e-02 1.717000000000000123e-02
1.000000000000000021e-02 1.510000000000000057e-02
8.000000000000000167e-03 1.327000000000000055e-02
6.499999999999999702e-03 1.175999999999999962e-02
5.000000000000000104e-03 1.009000000000000001e-02
3.500000000000000073e-03 8.189999999999999364e-03
2.000000000000000042e-03 5.939999999999999968e-03
1.000000000000000021e-03 4.049999999999999781e-03
5.000000000000000104e-04 2.830000000000000050e-03
0.000000000000000000e+00 0.000000000000000000e+00
5.000000000000000104e-04 -2.840000000000000076e-03
1.000000000000000021e-03 -3.880000000000000202e-03
2.000000000000000042e-03 -5.320000000000000076e-03
3.500000000000000073e-03 -6.830000000000000134e-03
5.000000000000000104e-03 -8.000000000000000167e-03
6.499999999999999702e-03 -8.949999999999999623e-03
8.000000000000000167e-03 -9.780000000000000498e-03
1.000000000000000021e-02 -1.072000000000000036e-02
1.250000000000000069e-02 -1.171999999999999952e-02
1.600000000000000033e-02 -1.290000000000000001e-02
2.000000000000000042e-02 -1.404000000000000040e-02
2.500000000000000139e-02 -1.524000000000000007e-02
3.500000000000000333e-02 -1.713999999999999899e-02
5.000000000000000278e-02 -1.942999999999999935e-02
6.500000000000000222e-02 -2.127000000000000071e-02
8.000000000000000167e-02 -2.275999999999999898e-02
1.000000000000000056e-01 -2.432000000000000134e-02
1.250000000000000000e-01 -2.574999999999999858e-02
1.499999999999999944e-01 -2.674999999999999947e-02
2.000000000000000111e-01 -2.792999999999999997e-02
2.500000000000000000e-01 -2.843000000000000041e-02
2.999999999999999889e-01 -2.834000000000000061e-02
3.499999999999999778e-01 -2.755000000000000157e-02
4.000000000000000222e-01 -2.599999999999999881e-02
4.500000000000000111e-01 -2.376999999999999946e-02
5.000000000000000000e-01 -2.103999999999999967e-02
5.500000000000000444e-01 -1.796999999999999986e-02
5.999999999999999778e-01 -1.481999999999999984e-02
6.500000000000000222e-01 -1.175999999999999962e-02
6.999999999999999556e-01 -9.520000000000000684e-03
7.500000000000000000e-01 -8.510000000000000203e-03
8.000000000000000444e-01 -8.890000000000000333e-03
8.499999999999999778e-01 -9.839999999999999789e-03
9.000000000000000222e-01 -1.041000000000000085e-02
9.250000000000000444e-01 -7.769999999999999997e-03
9.499999999999999556e-01 -5.830000000000000113e-03
9.749999999999999778e-01 -3.870000000000000176e-03
9.899999999999999911e-01 -2.690000000000000117e-03
1.000000000000000000e+00 -1.899999999999999996e-03
