1.000000000000000000e+00 6.698999999999999660e-04
9.899698000000000109e-01 1.515400000000000080e-03
9.799575000000000369e-01 2.405000000000000020e-03
9.749508999999999537e-01 2.885899999999999837e-03
9.499136999999999720e-01 5.580800000000000344e-03
9.248728000000000504e-01 8.537100000000000591e-03
9.198638000000000092e-01 9.187600000000000627e-03
8.998260999999999621e-01 1.192080000000000049e-02
8.747743999999999520e-01 1.565659999999999968e-02
8.497156000000000153e-01 1.990729999999999930e-02
8.246518999999999933e-01 2.450919999999999835e-02
8.196388000000000007e-01 2.546040000000000109e-02
7.995843000000000256e-01 2.939320000000000127e-02
7.795267999999999642e-01 3.354630000000000112e-02
7.745121999999999840e-01 3.459929999999999950e-02
7.494380999999999959e-01 3.995379999999999765e-02
7.243610000000000326e-01 4.552400000000000196e-02
6.992846000000000339e-01 5.103529999999999872e-02
6.792255000000000376e-01 5.530659999999999743e-02
6.742112000000000105e-01 5.633900000000000019e-02
6.491438000000000486e-01 6.120470000000000077e-02
6.240845999999999894e-01 6.548729999999999829e-02
5.990347999999999784e-01 6.909510000000000651e-02
5.739940000000000042e-01 7.205119999999999580e-02
5.489614999999999911e-01 7.440170000000000117e-02
5.239361000000000157e-01 7.624160000000000659e-02
4.989173000000000080e-01 7.761880000000000168e-02
4.739036999999999833e-01 7.861150000000000082e-02
4.488951999999999942e-01 7.924290000000000500e-02
4.238911000000000207e-01 7.955379999999999396e-02
3.988915000000000100e-01 7.954020000000000534e-02
3.738961000000000090e-01 7.922440000000000038e-02
3.489050000000000207e-01 7.859579999999999345e-02
3.239182999999999923e-01 7.765669999999999518e-02
2.989361999999999853e-01 7.638689999999999369e-02
2.739588000000000023e-01 7.477810000000000012e-02
2.489861999999999909e-01 7.282049999999999634e-02
2.240188999999999930e-01 7.048069999999999335e-02
1.990571999999999897e-01 6.774280000000000579e-02
1.741016999999999981e-01 6.455650000000000277e-02
1.491533999999999915e-01 6.085030000000000300e-02
1.242134000000000016e-01 5.654800000000000104e-02
9.928330000000000488e-02 5.152899999999999842e-02
8.931490000000000262e-02 4.926640000000000186e-02
7.934879999999999711e-02 4.683029999999999832e-02
5.942560000000000203e-02 4.131459999999999994e-02
4.947000000000000008e-02 3.812379999999999936e-02
3.951969999999999789e-02 3.455130000000000007e-02
2.957649999999999862e-02 3.046619999999999884e-02
1.964549999999999977e-02 2.550929999999999864e-02
9.738699999999999440e-03 1.880410000000000068e-02
4.811300000000000125e-03 1.357960000000000070e-02
2.365700000000000094e-03 9.669499999999999276e-03
1.879800000000000047e-03 8.652299999999999922e-03
1.396000000000000105e-03 7.489299999999999950e-03
9.152000000000000196e-04 6.101399999999999879e-03
6.767999999999999711e-04 5.272200000000000324e-03
4.404000000000000254e-04 4.289600000000000184e-03
2.080999999999999896e-04 3.015599999999999791e-03
0.000000000000000000e+00 0.000000000000000000e+00
2.722000000000000027e-04 -1.595199999999999960e-03
5.318999999999999726e-04 -2.294800000000000052e-03
7.896000000000000024e-04 -2.849400000000000197e-03
1.046199999999999951e-03 -3.330300000000000014e-03
1.557900000000000083e-03 -4.168599999999999736e-03
2.067999999999999960e-03 -4.893699999999999960e-03
2.576800000000000184e-03 -5.528800000000000381e-03
5.109500000000000326e-03 -7.886900000000000507e-03
1.015349999999999933e-02 -1.106000000000000039e-02
2.021140000000000089e-02 -1.523079999999999920e-02
3.025500000000000064e-02 -1.837880000000000069e-02
4.029119999999999924e-02 -2.099029999999999993e-02
5.032190000000000274e-02 -2.320639999999999856e-02
6.034919999999999868e-02 -2.518199999999999952e-02
8.039720000000000200e-02 -2.864939999999999848e-02
9.041879999999999362e-02 -3.020689999999999834e-02
1.004391000000000034e-01 -3.167989999999999695e-02
1.254849000000000103e-01 -3.498919999999999808e-02
1.505247000000000113e-01 -3.787689999999999807e-02
1.755594000000000043e-01 -4.039260000000000073e-02
2.005894000000000010e-01 -4.256879999999999692e-02
2.256161000000000139e-01 -4.450359999999999733e-02
2.506398000000000237e-01 -4.623100000000000126e-02
2.756607999999999836e-01 -4.775299999999999684e-02
3.006790999999999769e-01 -4.909179999999999794e-02
3.256950000000000123e-01 -5.025229999999999975e-02
3.507083999999999757e-01 -5.123140000000000333e-02
3.757190000000000252e-01 -5.201250000000000318e-02
4.007269999999999999e-01 -5.260499999999999898e-02
4.257324000000000108e-01 -5.300640000000000213e-02
4.507348999999999939e-01 -5.320880000000000054e-02
4.757345000000000046e-01 -5.319650000000000073e-02
5.007319000000000075e-01 -5.302590000000000081e-02
5.257273000000000085e-01 -5.271970000000000128e-02
5.507193000000000227e-01 -5.215299999999999797e-02
5.757075999999999860e-01 -5.132649999999999713e-02
6.006920999999999511e-01 -5.022139999999999938e-02
6.256720000000000059e-01 -4.879279999999999728e-02
6.506454999999999878e-01 -4.690199999999999925e-02
6.756113000000000257e-01 -4.445860000000000090e-02
6.806035000000000279e-01 -4.389629999999999921e-02
7.005656999999999579e-01 -4.119849999999999901e-02
7.254971000000000059e-01 -3.627190000000000275e-02
7.504186000000000467e-01 -3.063820000000000085e-02
7.753537000000000345e-01 -2.598079999999999834e-02
7.803421999999999858e-01 -2.515329999999999996e-02
8.002983000000000180e-01 -2.201490000000000044e-02
8.202578000000000369e-01 -1.910279999999999964e-02
8.252481000000000400e-01 -1.840889999999999888e-02
8.502024999999999721e-01 -1.514099999999999994e-02
8.751609000000000194e-01 -1.216850000000000050e-02
9.001219000000000303e-01 -9.375100000000000794e-03
9.200920999999999683e-01 -7.240100000000000181e-03
9.250848000000000404e-01 -6.725499999999999708e-03
9.500511999999999846e-01 -4.322999999999999586e-03
9.750227000000000199e-01 -2.285500000000000205e-03
9.800178000000000500e-01 -1.932899999999999983e-03
9.900086000000000164e-01 -1.275700000000000054e-03
1.000000000000000000e+00 -6.698999999999999660e-04
