1.000000000000000000e+00 1.801000000000000083e-03
9.960320000000000285e-01 2.099999999999999870e-03
9.831389999999999851e-01 3.111000000000000050e-03
9.702410000000000201e-01 4.062999999999999771e-03
9.573380000000000223e-01 4.962000000000000265e-03
9.444350000000000245e-01 5.811000000000000193e-03
9.315309999999999979e-01 6.614000000000000087e-03
9.186229999999999674e-01 7.375999999999999744e-03
9.057119999999999616e-01 8.099000000000000296e-03
8.928019999999999845e-01 8.784000000000000141e-03
8.798949999999999827e-01 9.433999999999999678e-03
8.669860000000000344e-01 1.005200000000000017e-02
8.540820000000000078e-01 1.063799999999999989e-02
8.411849999999999605e-01 1.119500000000000009e-02
8.282890000000000530e-01 1.171099999999999919e-02
8.153970000000000384e-01 1.216399999999999947e-02
8.025130000000000319e-01 1.255200000000000066e-02
7.896589999999999998e-01 1.286999999999999950e-02
7.768019999999999925e-01 1.311499999999999992e-02
7.639399999999999524e-01 1.327599999999999961e-02
7.510710000000000441e-01 1.335800000000000008e-02
7.381929999999999881e-01 1.336000000000000035e-02
7.253129999999999855e-01 1.328200000000000040e-02
7.124289999999999790e-01 1.312699999999999978e-02
6.995390000000000219e-01 1.290099999999999927e-02
6.866499999999999826e-01 1.260200000000000035e-02
6.737600000000000255e-01 1.223800000000000061e-02
6.608730000000000437e-01 1.180999999999999932e-02
6.479829999999999757e-01 1.132000000000000020e-02
6.376429999999999598e-01 1.088399999999999958e-02
6.326420000000000377e-01 1.065900000000000007e-02
6.301419999999999799e-01 1.054500000000000055e-02
6.274830000000000130e-01 1.071500000000000057e-02
6.221640000000000503e-01 1.105300000000000032e-02
6.095180000000000042e-01 1.181399999999999985e-02
5.966299999999999937e-01 1.254000000000000080e-02
5.837400000000000366e-01 1.321899999999999985e-02
5.708520000000000261e-01 1.385499999999999926e-02
5.579629999999999868e-01 1.445100000000000030e-02
5.450829999999999842e-01 1.502000000000000036e-02
5.322130000000000472e-01 1.555899999999999991e-02
5.193689999999999696e-01 1.607600000000000001e-02
5.065380000000000438e-01 1.656699999999999839e-02
4.936929999999999930e-01 1.704100000000000059e-02
4.808259999999999756e-01 1.749600000000000113e-02
4.678970000000000073e-01 1.793600000000000055e-02
4.549369999999999803e-01 1.836199999999999985e-02
4.419520000000000115e-01 1.877300000000000149e-02
4.289609999999999812e-01 1.916999999999999954e-02
4.159720000000000084e-01 1.955300000000000094e-02
4.029880000000000129e-01 1.992100000000000121e-02
3.900060000000000193e-01 2.027299999999999935e-02
3.770359999999999823e-01 2.061299999999999938e-02
3.640800000000000147e-01 2.094100000000000128e-02
3.511509999999999909e-01 2.125300000000000106e-02
3.382310000000000039e-01 2.155599999999999877e-02
3.253249999999999753e-01 2.184799999999999937e-02
3.124350000000000183e-01 2.212700000000000083e-02
2.995510000000000117e-01 2.239599999999999924e-02
2.866779999999999884e-01 2.265400000000000053e-02
2.738140000000000018e-01 2.289700000000000069e-02
2.609589999999999965e-01 2.312499999999999972e-02
2.481019999999999892e-01 2.333700000000000011e-02
2.352450000000000097e-01 2.353099999999999983e-02
2.223890000000000033e-01 2.370299999999999838e-02
2.095220000000000138e-01 2.385100000000000067e-02
1.966459999999999875e-01 2.396500000000000019e-02
1.837769999999999959e-01 2.403999999999999887e-02
1.709150000000000114e-01 2.406799999999999912e-02
1.580719999999999903e-01 2.403699999999999934e-02
1.452600000000000002e-01 2.393500000000000141e-02
1.324660000000000004e-01 2.375100000000000128e-02
1.197000000000000008e-01 2.346699999999999828e-02
1.070009999999999989e-01 2.306300000000000017e-02
9.440199999999999980e-02 2.251699999999999882e-02
8.200200000000000544e-02 2.180700000000000000e-02
6.983399999999999330e-02 2.090600000000000097e-02
5.791299999999999920e-02 1.977699999999999944e-02
4.620799999999999907e-02 1.836700000000000138e-02
3.491999999999999965e-02 1.661100000000000076e-02
2.443899999999999892e-02 1.445300000000000057e-02
1.559999999999999928e-02 1.199000000000000066e-02
9.506000000000000560e-03 9.653000000000000122e-03
5.818000000000000255e-03 7.723999999999999963e-03
3.520999999999999824e-03 6.112000000000000245e-03
2.004000000000000139e-03 4.664999999999999876e-03
9.810000000000001011e-04 3.302999999999999946e-03
3.359999999999999814e-04 1.951999999999999959e-03
3.399999999999999973e-05 6.260000000000000373e-04
0.000000000000000000e+00 1.200000000000000030e-05
3.399999999999999973e-05 -6.019999999999999961e-04
3.359999999999999814e-04 -1.928000000000000026e-03
9.799999999999999684e-04 -3.278000000000000098e-03
2.004000000000000139e-03 -4.641000000000000160e-03
3.520999999999999824e-03 -6.087999999999999662e-03
5.818000000000000255e-03 -7.700000000000000247e-03
9.504999999999999560e-03 -9.629000000000000406e-03
1.559999999999999928e-02 -1.196700000000000021e-02
2.443899999999999892e-02 -1.443000000000000012e-02
3.491999999999999965e-02 -1.658799999999999858e-02
4.620699999999999807e-02 -1.834300000000000166e-02
5.791199999999999820e-02 -1.975400000000000073e-02
6.983399999999999330e-02 -2.088299999999999879e-02
8.200200000000000544e-02 -2.178499999999999881e-02
9.440099999999999880e-02 -2.249500000000000111e-02
1.070009999999999989e-01 -2.304199999999999998e-02
1.197000000000000008e-01 -2.344500000000000056e-02
1.324649999999999994e-01 -2.373000000000000109e-02
1.452600000000000002e-01 -2.391499999999999876e-02
1.580709999999999893e-01 -2.401599999999999915e-02
1.709150000000000114e-01 -2.404699999999999893e-02
1.837759999999999949e-01 -2.401999999999999968e-02
1.966459999999999875e-01 -2.394599999999999854e-02
2.095220000000000138e-01 -2.383100000000000149e-02
2.223890000000000033e-01 -2.368400000000000019e-02
2.352440000000000087e-01 -2.351200000000000165e-02
2.481009999999999882e-01 -2.331799999999999845e-02
2.609580000000000233e-01 -2.310699999999999907e-02
2.738140000000000018e-01 -2.287900000000000003e-02
2.866770000000000151e-01 -2.263599999999999987e-02
2.995510000000000117e-01 -2.237899999999999959e-02
3.124339999999999895e-01 -2.211000000000000118e-02
3.253240000000000021e-01 -2.183099999999999971e-02
3.382299999999999751e-01 -2.153899999999999912e-02
3.511500000000000177e-01 -2.123699999999999893e-02
3.640800000000000147e-01 -2.092499999999999916e-02
3.770359999999999823e-01 -2.059800000000000172e-02
3.900049999999999906e-01 -2.025800000000000170e-02
4.029869999999999841e-01 -1.990600000000000008e-02
4.159720000000000084e-01 -1.953799999999999981e-02
4.289609999999999812e-01 -1.915599999999999942e-02
4.419520000000000115e-01 -1.875800000000000037e-02
4.549369999999999803e-01 -1.834799999999999973e-02
4.678970000000000073e-01 -1.792300000000000143e-02
4.808250000000000024e-01 -1.748200000000000101e-02
4.936920000000000197e-01 -1.702800000000000147e-02
5.065380000000000438e-01 -1.655399999999999927e-02
5.193680000000000518e-01 -1.606300000000000089e-02
5.322130000000000472e-01 -1.554600000000000079e-02
5.450829999999999842e-01 -1.500800000000000051e-02
5.579629999999999868e-01 -1.443900000000000045e-02
5.708520000000000261e-01 -1.384299999999999940e-02
5.837400000000000366e-01 -1.320799999999999925e-02
5.966299999999999937e-01 -1.252900000000000021e-02
6.095180000000000042e-01 -1.180299999999999926e-02
6.221640000000000503e-01 -1.104300000000000073e-02
6.274830000000000130e-01 -1.070499999999999924e-02
6.301419999999999799e-01 -1.053499999999999923e-02
6.326420000000000377e-01 -1.064799999999999948e-02
6.376429999999999598e-01 -1.087399999999999999e-02
6.479829999999999757e-01 -1.131000000000000061e-02
6.608730000000000437e-01 -1.179999999999999973e-02
6.737600000000000255e-01 -1.222799999999999929e-02
6.866499999999999826e-01 -1.259300000000000003e-02
6.995390000000000219e-01 -1.289200000000000068e-02
7.124289999999999790e-01 -1.311799999999999945e-02
7.253129999999999855e-01 -1.327399999999999934e-02
7.381929999999999881e-01 -1.335199999999999929e-02
7.510710000000000441e-01 -1.335100000000000002e-02
7.639399999999999524e-01 -1.326899999999999955e-02
7.768019999999999925e-01 -1.310799999999999986e-02
7.896589999999999998e-01 -1.286400000000000043e-02
8.025130000000000319e-01 -1.254500000000000060e-02
8.153970000000000384e-01 -1.215800000000000040e-02
8.282890000000000530e-01 -1.170500000000000013e-02
8.411849999999999605e-01 -1.118899999999999929e-02
8.540820000000000078e-01 -1.063300000000000009e-02
8.669850000000000056e-01 -1.004700000000000037e-02
8.798939999999999539e-01 -9.429999999999999147e-03
8.928019999999999845e-01 -8.779000000000000345e-03
9.057119999999999616e-01 -8.094999999999999765e-03
9.186229999999999674e-01 -7.372000000000000081e-03
9.315290000000000514e-01 -6.610999999999999689e-03
9.444350000000000245e-01 -5.807999999999999795e-03
9.573380000000000223e-01 -4.958999999999999866e-03
9.702399999999999913e-01 -4.060000000000000241e-03
9.831389999999999851e-01 -3.108000000000000086e-03
9.960320000000000285e-01 -2.098000000000000038e-03
1.000000000000000000e+00 -1.799000000000000035e-03
