1.000019999999999909e+00 1.191000000000000001e-03
9.934229999999999450e-01 1.392999999999999924e-03
9.802250000000000130e-01 1.797999999999999902e-03
9.645510000000000472e-01 2.278000000000000077e-03
9.481340000000000323e-01 2.779999999999999919e-03
9.315649999999999764e-01 3.285999999999999859e-03
9.149680000000000035e-01 3.792999999999999931e-03
8.983659999999999979e-01 4.298999999999999870e-03
8.817639999999999922e-01 4.806000000000000376e-03
8.651590000000000114e-01 5.311999999999999882e-03
8.485559999999999770e-01 5.815999999999999989e-03
8.319530000000000536e-01 6.320000000000000097e-03
8.153479999999999617e-01 6.824000000000000205e-03
7.987440000000000095e-01 7.327000000000000179e-03
7.821399999999999464e-01 7.828999999999999154e-03
7.655349999999999655e-01 8.330000000000000598e-03
7.489310000000000134e-01 8.829999999999999308e-03
7.323260000000000325e-01 9.329000000000000486e-03
7.157219999999999693e-01 9.827999999999999931e-03
6.991169999999999884e-01 1.032500000000000084e-02
6.825130000000000363e-01 1.082100000000000076e-02
6.659080000000000554e-01 1.131399999999999940e-02
6.493029999999999635e-01 1.180800000000000079e-02
6.326990000000000114e-01 1.230099999999999943e-02
6.160949999999999482e-01 1.279199999999999955e-02
5.994899999999999674e-01 1.328099999999999940e-02
5.828870000000000440e-01 1.376899999999999999e-02
5.662829999999999808e-01 1.425500000000000031e-02
5.496799999999999464e-01 1.473999999999999963e-02
5.330780000000000518e-01 1.522300000000000042e-02
5.164790000000000214e-01 1.570300000000000168e-02
4.998819999999999930e-01 1.618199999999999847e-02
4.832859999999999934e-01 1.665799999999999920e-02
4.666939999999999977e-01 1.721800000000000067e-02
4.501020000000000021e-01 1.778499999999999873e-02
4.335080000000000044e-01 1.835499999999999979e-02
4.169120000000000048e-01 1.892900000000000138e-02
4.003109999999999724e-01 1.950400000000000050e-02
3.837039999999999895e-01 2.008000000000000063e-02
3.670939999999999759e-01 2.065499999999999975e-02
3.504900000000000237e-01 2.122599999999999834e-02
3.338999999999999746e-01 2.178599999999999981e-02
3.173290000000000277e-01 2.233200000000000116e-02
3.007850000000000246e-01 2.285699999999999885e-02
2.842709999999999959e-01 2.335200000000000123e-02
2.677939999999999765e-01 2.381000000000000130e-02
2.513589999999999991e-01 2.421799999999999994e-02
2.349680000000000102e-01 2.456399999999999903e-02
2.186250000000000138e-01 2.483799999999999897e-02
2.023340000000000138e-01 2.502400000000000110e-02
1.860980000000000134e-01 2.511400000000000091e-02
1.699199999999999877e-01 2.509000000000000119e-02
1.538120000000000043e-01 2.493899999999999936e-02
1.377859999999999918e-01 2.464600000000000124e-02
1.218670000000000031e-01 2.419100000000000070e-02
1.060939999999999939e-01 2.355300000000000102e-02
9.052799999999999736e-02 2.270399999999999849e-02
7.527799999999999769e-02 2.160600000000000021e-02
6.055800000000000072e-02 2.022499999999999992e-02
4.677599999999999814e-02 1.853399999999999839e-02
3.461000000000000187e-02 1.657499999999999946e-02
2.480100000000000013e-02 1.451900000000000066e-02
1.749200000000000060e-02 1.254700000000000086e-02
1.218400000000000039e-02 1.072599999999999942e-02
8.276000000000000370e-03 9.024000000000000771e-03
5.348999999999999588e-03 7.389999999999999868e-03
3.155999999999999951e-03 5.768999999999999823e-03
1.570999999999999914e-03 4.127999999999999725e-03
5.460000000000000443e-04 2.462000000000000213e-03
5.700000000000000314e-05 8.080000000000000160e-04
9.999999999999999547e-07 1.399999999999999979e-05
5.700000000000000314e-05 -7.799999999999999859e-04
5.460000000000000443e-04 -2.433999999999999966e-03
1.570999999999999914e-03 -4.100000000000000346e-03
3.155999999999999951e-03 -5.740999999999999576e-03
5.348999999999999588e-03 -7.361999999999999621e-03
8.276000000000000370e-03 -8.996999999999999789e-03
1.218400000000000039e-02 -1.069900000000000018e-02
1.749200000000000060e-02 -1.251900000000000061e-02
2.480100000000000013e-02 -1.449199999999999967e-02
3.460900000000000087e-02 -1.654800000000000021e-02
4.677499999999999714e-02 -1.850699999999999915e-02
6.055699999999999972e-02 -2.019900000000000168e-02
7.527599999999999569e-02 -2.157999999999999849e-02
9.052699999999999636e-02 -2.267800000000000024e-02
1.060930000000000067e-01 -2.352800000000000030e-02
1.218660000000000021e-01 -2.416700000000000098e-02
1.377859999999999918e-01 -2.462200000000000152e-02
1.538110000000000033e-01 -2.491499999999999965e-02
1.699189999999999867e-01 -2.506600000000000147e-02
1.860970000000000124e-01 -2.509099999999999872e-02
2.023330000000000128e-01 -2.500199999999999992e-02
2.186250000000000138e-01 -2.481600000000000125e-02
2.349680000000000102e-01 -2.454200000000000131e-02
2.513580000000000259e-01 -2.419599999999999876e-02
2.677930000000000033e-01 -2.378900000000000112e-02
2.842709999999999959e-01 -2.333199999999999857e-02
3.007839999999999958e-01 -2.283699999999999966e-02
3.173290000000000277e-01 -2.231199999999999850e-02
3.338999999999999746e-01 -2.176700000000000162e-02
3.504900000000000237e-01 -2.120700000000000016e-02
3.670930000000000026e-01 -2.063699999999999909e-02
3.837039999999999895e-01 -2.006199999999999997e-02
4.003099999999999992e-01 -1.948599999999999985e-02
4.169109999999999761e-01 -1.891200000000000173e-02
4.335080000000000044e-01 -1.833800000000000013e-02
4.501009999999999733e-01 -1.776900000000000007e-02
4.666939999999999977e-01 -1.720299999999999954e-02
4.832859999999999934e-01 -1.664200000000000054e-02
4.998819999999999930e-01 -1.616700000000000081e-02
5.164779999999999927e-01 -1.568800000000000056e-02
5.330780000000000518e-01 -1.520900000000000030e-02
5.496790000000000287e-01 -1.472599999999999951e-02
5.662829999999999808e-01 -1.424199999999999945e-02
5.828870000000000440e-01 -1.375600000000000087e-02
5.994899999999999674e-01 -1.326899999999999955e-02
6.160940000000000305e-01 -1.277999999999999969e-02
6.326990000000000114e-01 -1.228899999999999958e-02
6.493029999999999635e-01 -1.179700000000000019e-02
6.659080000000000554e-01 -1.130399999999999981e-02
6.825130000000000363e-01 -1.081099999999999943e-02
6.991169999999999884e-01 -1.031499999999999952e-02
7.157219999999999693e-01 -9.818000000000000338e-03
7.323260000000000325e-01 -9.320000000000000159e-03
7.489310000000000134e-01 -8.821999999999999981e-03
7.655349999999999655e-01 -8.321999999999999537e-03
7.821399999999999464e-01 -7.820999999999999827e-03
7.987440000000000095e-01 -7.318999999999999985e-03
8.153470000000000439e-01 -6.818000000000000276e-03
8.319520000000000248e-01 -6.314000000000000168e-03
8.485559999999999770e-01 -5.810000000000000060e-03
8.651590000000000114e-01 -5.305999999999999953e-03
8.817629999999999635e-01 -4.800999999999999712e-03
8.983659999999999979e-01 -4.295000000000000207e-03
9.149680000000000035e-01 -3.788999999999999833e-03
9.315649999999999764e-01 -3.282999999999999894e-03
9.481340000000000323e-01 -2.776999999999999955e-03
9.645510000000000472e-01 -2.275000000000000112e-03
9.802250000000000130e-01 -1.796000000000000070e-03
9.934229999999999450e-01 -1.391000000000000092e-03
1.000019999999999909e+00 -1.188999999999999953e-03
