1.000000000000000000e+00 3.700000000000000164e-03
9.499999999999999556e-01 1.679999999999999896e-02
9.000000000000000222e-01 2.769999999999999893e-02
8.000000000000000444e-01 4.900000000000000189e-02
6.999999999999999556e-01 6.750000000000000444e-02
5.999999999999999778e-01 8.250000000000000389e-02
5.000000000000000000e-01 9.370000000000000551e-02
4.000000000000000222e-01 1.005000000000000060e-01
2.999999999999999889e-01 1.029999999999999943e-01
2.000000000000000111e-01 9.869999999999999607e-02
1.499999999999999944e-01 9.249999999999999889e-02
1.000000000000000056e-01 8.069999999999999396e-02
7.499999999999999722e-02 7.399999999999999634e-02
5.000000000000000278e-02 6.199999999999999956e-02
2.500000000000000139e-02 4.900000000000000189e-02
1.250000000000000069e-02 3.719999999999999696e-02
0.000000000000000000e+00 1.619999999999999912e-02
1.250000000000000069e-02 8.000000000000000167e-03
2.500000000000000139e-02 3.799999999999999992e-03
5.000000000000000278e-02 0.000000000000000000e+00
7.499999999999999722e-02 0.000000000000000000e+00
1.000000000000000056e-01 0.000000000000000000e+00
1.499999999999999944e-01 3.000000000000000062e-03
2.000000000000000111e-01 6.000000000000000125e-03
2.999999999999999889e-01 1.050000000000000065e-02
4.000000000000000222e-01 1.220000000000000077e-02
5.000000000000000000e-01 1.119999999999999989e-02
5.999999999999999778e-01 9.700000000000000289e-03
6.999999999999999556e-01 7.700000000000000247e-03
8.000000000000000444e-01 4.700000000000000185e-03
9.000000000000000222e-01 2.000000000000000042e-03
9.499999999999999556e-01 1.000000000000000048e-04
1.000000000000000000e+00 0.000000000000000000e+00
