1.000000000000000000e+00 4.199999999999999740e-03
9.499999999999999556e-01 1.660000000000000017e-02
9.000000000000000222e-01 2.690000000000000030e-02
8.000000000000000444e-01 4.900000000000000189e-02
6.999999999999999556e-01 6.819999999999999674e-02
5.999999999999999778e-01 8.419999999999999707e-02
5.000000000000000000e-01 9.669999999999999429e-02
4.000000000000000222e-01 1.042000000000000010e-01
2.999999999999999889e-01 1.059999999999999970e-01
2.000000000000000111e-01 1.024999999999999939e-01
1.499999999999999944e-01 9.600000000000000200e-02
1.000000000000000056e-01 8.699999999999999400e-02
7.499999999999999722e-02 8.000000000000000167e-02
5.000000000000000278e-02 7.019999999999999851e-02
2.500000000000000139e-02 5.500000000000000028e-02
1.250000000000000069e-02 4.299999999999999656e-02
0.000000000000000000e+00 2.000000000000000042e-02
1.250000000000000069e-02 3.500000000000000073e-03
2.500000000000000139e-02 1.000000000000000021e-03
5.000000000000000278e-02 0.000000000000000000e+00
7.499999999999999722e-02 0.000000000000000000e+00
1.000000000000000056e-01 1.500000000000000031e-03
1.499999999999999944e-01 4.000000000000000083e-03
2.000000000000000111e-01 6.700000000000000226e-03
2.999999999999999889e-01 1.149999999999999981e-02
4.000000000000000222e-01 1.439999999999999961e-02
5.000000000000000000e-01 1.370000000000000037e-02
5.999999999999999778e-01 1.220000000000000077e-02
6.999999999999999556e-01 8.999999999999999320e-03
8.000000000000000444e-01 5.499999999999999681e-03
9.000000000000000222e-01 2.200000000000000133e-03
9.499999999999999556e-01 2.000000000000000096e-04
1.000000000000000000e+00 0.000000000000000000e+00
