1.000000000000000000e+00 0.000000000000000000e+00
9.975399999999999823e-01 5.500000000000000331e-04
9.907000000000000250e-01 2.060000000000000199e-03
9.803699999999999637e-01 4.279999999999999950e-03
9.669799999999999507e-01 7.060000000000000303e-03
9.504399999999999515e-01 1.039999999999999952e-02
9.306400000000000228e-01 1.430000000000000021e-02
9.077499999999999458e-01 1.871000000000000094e-02
8.820200000000000262e-01 2.357000000000000067e-02
8.537000000000000144e-01 2.878999999999999962e-02
8.230899999999999883e-01 3.429999999999999716e-02
7.904799999999999605e-01 3.998999999999999777e-02
7.561600000000000543e-01 4.574999999999999900e-02
7.204300000000000148e-01 5.149999999999999717e-02
6.835900000000000309e-01 5.713000000000000023e-02
6.459399999999999586e-01 6.257000000000000062e-02
6.077799999999999869e-01 6.772000000000000242e-02
5.693700000000000427e-01 7.245999999999999663e-02
5.309899999999999620e-01 7.666000000000000592e-02
4.926499999999999768e-01 8.025000000000000189e-02
4.543499999999999761e-01 8.315000000000000169e-02
4.163799999999999724e-01 8.525000000000000633e-02
3.788699999999999846e-01 8.647000000000000519e-02
3.420400000000000107e-01 8.673999999999999766e-02
3.060899999999999732e-01 8.604000000000000536e-02
2.711999999999999966e-01 8.436000000000000443e-02
2.376000000000000056e-01 8.173999999999999322e-02
2.054900000000000060e-01 7.821000000000000174e-02
1.750400000000000011e-01 7.381000000000000061e-02
1.464799999999999991e-01 6.861000000000000432e-02
1.199899999999999994e-01 6.267000000000000348e-02
9.575999999999999790e-02 5.609000000000000097e-02
7.395000000000000184e-02 4.898999999999999883e-02
5.467999999999999944e-02 4.146999999999999992e-02
3.810999999999999804e-02 3.371999999999999997e-02
2.433000000000000093e-02 2.593000000000000166e-02
1.337999999999999953e-02 1.829000000000000070e-02
5.479999999999999628e-03 1.099999999999999936e-02
9.799999999999999684e-04 4.320000000000000055e-03
0.000000000000000000e+00 0.000000000000000000e+00
9.799999999999999684e-04 -3.810000000000000019e-03
5.479999999999999628e-03 -8.219999999999999876e-03
1.337999999999999953e-02 -1.170999999999999992e-02
2.433000000000000093e-02 -1.443999999999999971e-02
3.810999999999999804e-02 -1.666000000000000120e-02
5.467999999999999944e-02 -1.858999999999999889e-02
7.395000000000000184e-02 -2.033000000000000085e-02
9.575999999999999790e-02 -2.188999999999999974e-02
1.199899999999999994e-01 -2.319999999999999840e-02
1.464799999999999991e-01 -2.421999999999999847e-02
1.750400000000000011e-01 -2.491000000000000159e-02
2.054900000000000060e-01 -2.525000000000000161e-02
2.376000000000000056e-01 -2.523999999999999855e-02
2.711999999999999966e-01 -2.489999999999999852e-02
3.060899999999999732e-01 -2.424000000000000113e-02
3.420400000000000107e-01 -2.329000000000000167e-02
3.788699999999999846e-01 -2.206999999999999934e-02
4.163799999999999724e-01 -2.057000000000000148e-02
4.543499999999999761e-01 -1.879000000000000115e-02
4.926499999999999768e-01 -1.678999999999999937e-02
5.309899999999999620e-01 -1.465999999999999942e-02
5.693700000000000427e-01 -1.252999999999999947e-02
6.077799999999999869e-01 -1.048999999999999932e-02
6.459399999999999586e-01 -8.590000000000000413e-03
6.835900000000000309e-01 -6.859999999999999779e-03
7.204300000000000148e-01 -5.309999999999999616e-03
7.561600000000000543e-01 -3.959999999999999978e-03
7.904799999999999605e-01 -2.830000000000000050e-03
8.230899999999999883e-01 -1.949999999999999910e-03
8.537000000000000144e-01 -1.319999999999999993e-03
8.820200000000000262e-01 -9.399999999999999719e-04
9.077499999999999458e-01 -7.399999999999999894e-04
9.306400000000000228e-01 -6.700000000000000226e-04
9.504399999999999515e-01 -6.300000000000000261e-04
9.669799999999999507e-01 -5.699999999999999772e-04
9.803699999999999637e-01 -4.400000000000000157e-04
9.907000000000000250e-01 -2.599999999999999772e-04
9.975399999999999823e-01 -8.000000000000000654e-05
1.000000000000000000e+00 0.000000000000000000e+00
