1.000000000000000000e+00 0.000000000000000000e+00
9.989333999999999714e-01 2.589999999999999854e-03
9.958784999999999998e-01 6.142100000000000164e-03
9.908354999999999801e-01 1.029640000000000069e-02
9.838531000000000359e-01 1.477410000000000008e-02
9.749446000000000501e-01 1.980569999999999900e-02
9.641446000000000183e-01 2.522220000000000018e-02
9.514939999999999509e-01 3.099479999999999943e-02
9.370538000000000478e-01 3.709509999999999891e-02
9.208747999999999934e-01 4.349469999999999725e-02
9.030274999999999830e-01 5.017549999999999788e-02
8.835720000000000240e-01 5.712949999999999973e-02
8.625789000000000373e-01 6.433869999999999867e-02
8.401480000000000059e-01 7.181579999999999908e-02
8.163597000000000214e-01 7.954369999999999497e-02
7.913038999999999490e-01 8.752440000000000220e-02
7.650805999999999996e-01 9.576110000000000178e-02
7.378002000000000171e-01 1.042369999999999963e-01
7.095527999999999835e-01 1.129446999999999951e-01
6.804584000000000188e-01 1.218978000000000006e-01
6.506370000000000209e-01 1.310795999999999906e-01
6.201894000000000018e-01 1.404733999999999983e-01
5.892560000000000020e-01 1.500728000000000062e-01
5.579469000000000234e-01 1.598516000000000103e-01
5.263841000000000214e-01 1.697629999999999972e-01
4.946884999999999755e-01 1.797703999999999969e-01
4.629932999999999965e-01 1.897578000000000042e-01
4.314358999999999833e-01 1.994891000000000025e-01
4.001531999999999867e-01 2.083782999999999885e-01
3.693301999999999974e-01 2.138892000000000015e-01
3.391218999999999761e-01 2.155267999999999906e-01
3.096003999999999978e-01 2.145630000000000037e-01
2.808730999999999867e-01 2.110914999999999875e-01
2.530440999999999940e-01 2.056456000000000117e-01
2.262232999999999883e-01 1.985581999999999903e-01
2.004944999999999922e-01 1.900624999999999953e-01
1.759616999999999987e-01 1.803308999999999884e-01
1.527206000000000119e-01 1.695470000000000033e-01
1.308564999999999867e-01 1.578424999999999967e-01
1.104453999999999991e-01 1.453605000000000036e-01
9.158239999999999437e-02 1.322634000000000032e-01
7.433389999999999442e-02 1.186732999999999955e-01
5.875550000000000217e-02 1.047421000000000046e-01
4.491259999999999697e-02 9.062119999999999898e-02
3.285090000000000232e-02 7.646260000000000556e-02
2.262580000000000147e-02 6.242770000000000263e-02
1.427289999999999982e-02 4.864779999999999799e-02
7.813799999999999218e-03 3.541339999999999766e-02
3.270299999999999856e-03 2.267519999999999952e-02
6.922000000000000201e-04 1.008440000000000031e-02
0.000000000000000000e+00 0.000000000000000000e+00
1.397999999999999937e-03 -1.380499999999999956e-02
4.775399999999999957e-03 -2.827220000000000080e-02
1.009149999999999978e-02 -4.168240000000000139e-02
1.723330000000000001e-02 -5.155769999999999798e-02
2.618869999999999879e-02 -5.816869999999999680e-02
3.694399999999999767e-02 -6.207569999999999755e-02
4.950550000000000089e-02 -6.482949999999999824e-02
6.382899999999999685e-02 -6.698160000000000225e-02
7.987180000000000668e-02 -6.877329999999999555e-02
9.756220000000000170e-02 -7.013669999999999627e-02
1.168388999999999955e-01 -7.104330000000000367e-02
1.376331000000000082e-01 -7.152550000000000574e-02
1.598457000000000072e-01 -7.160619999999999485e-02
1.833955999999999920e-01 -7.126739999999999464e-02
2.081936000000000064e-01 -7.052179999999999560e-02
2.341399000000000119e-01 -6.938270000000000548e-02
2.611262999999999779e-01 -6.791310000000000402e-02
2.890635999999999761e-01 -6.612550000000000372e-02
3.178326000000000207e-01 -6.406330000000000358e-02
3.473143000000000202e-01 -6.175039999999999696e-02
3.773983000000000199e-01 -5.917970000000000175e-02
4.079734999999999889e-01 -5.630450000000000038e-02
4.388971999999999873e-01 -5.304890000000000300e-02
4.700573000000000112e-01 -4.932629999999999654e-02
5.013303999999999538e-01 -4.503000000000000058e-02
5.325841999999999521e-01 -4.008400000000000157e-02
5.636875999999999554e-01 -3.444219999999999920e-02
5.945205999999999547e-01 -2.811800000000000063e-02
6.249662000000000273e-01 -2.119489999999999916e-02
6.549217000000000510e-01 -1.393600000000000047e-02
6.842567000000000510e-01 -6.665100000000000191e-03
7.128826000000000329e-01 2.448999999999999897e-04
7.406880000000000130e-01 6.500399999999999928e-03
7.675579999999999625e-01 1.190839999999999954e-02
7.934063000000000088e-01 1.636610000000000148e-02
8.181232999999999977e-01 1.985030000000000128e-02
8.416088999999999931e-01 2.236809999999999840e-02
8.637721000000000426e-01 2.395680000000000032e-02
8.845317000000000318e-01 2.464409999999999865e-02
9.037863999999999898e-01 2.448710000000000123e-02
9.214628000000000263e-01 2.359349999999999989e-02
9.374980000000000535e-01 2.206170000000000006e-02
9.518208999999999698e-01 1.992970000000000158e-02
9.643791000000000446e-01 1.728580000000000047e-02
9.751081000000000332e-01 1.426819999999999998e-02
9.839628000000000263e-01 1.106569999999999949e-02
9.909067999999999765e-01 7.887500000000000414e-03
9.959198000000000217e-01 4.732700000000000275e-03
9.989451000000000302e-01 2.160099999999999867e-03
1.000000000000000000e+00 0.000000000000000000e+00
