1.000000000000000000e+00 1.199999999999999895e-03
9.987819999999999476e-01 1.477000000000000014e-03
9.951339999999999630e-01 2.314999999999999784e-03
9.890740000000000087e-01 3.723999999999999880e-03
9.806310000000000304e-01 5.714000000000000329e-03
9.698459999999999859e-01 8.290000000000000493e-03
9.567729999999999846e-01 1.144700000000000058e-02
9.414740000000000331e-01 1.517499999999999925e-02
9.240239999999999565e-01 1.944500000000000048e-02
9.045090000000000074e-01 2.421099999999999988e-02
8.830219999999999736e-01 2.941300000000000164e-02
8.596700000000000452e-01 3.496300000000000102e-02
8.345650000000000013e-01 4.073999999999999844e-02
8.078309999999999658e-01 4.657200000000000228e-02
7.795959999999999557e-01 5.213999999999999885e-02
7.500000000000000000e-01 5.739699999999999663e-02
7.191859999999999919e-01 6.237399999999999889e-02
6.873029999999999973e-01 6.702900000000000524e-02
6.545090000000000074e-01 7.130599999999999439e-02
6.209609999999999852e-01 7.514200000000000046e-02
5.868240000000000123e-01 7.847700000000000509e-02
5.522639999999999771e-01 8.124900000000000178e-02
5.174499999999999655e-01 8.340300000000000491e-02
4.825499999999999790e-01 8.489599999999999924e-02
4.477360000000000229e-01 8.568599999999999828e-02
4.131759999999999877e-01 8.575099999999999389e-02
3.790390000000000148e-01 8.509099999999999997e-02
3.454920000000000213e-01 8.384700000000000486e-02
3.126970000000000027e-01 8.208100000000000118e-02
2.808140000000000081e-01 7.983099999999999918e-02
2.500000000000000000e-01 7.713599999999999624e-02
2.204039999999999888e-01 7.402799999999999658e-02
1.921690000000000065e-01 7.054000000000000548e-02
1.654349999999999987e-01 6.669799999999999340e-02
1.403300000000000103e-01 6.252399999999999625e-02
1.169779999999999986e-01 5.804000000000000131e-02
9.549199999999999355e-02 5.325699999999999878e-02
7.597600000000000187e-02 4.819299999999999973e-02
5.852600000000000163e-02 4.286000000000000226e-02
4.322700000000000153e-02 3.726999999999999758e-02
3.015400000000000025e-02 3.144299999999999873e-02
1.936900000000000080e-02 2.539999999999999897e-02
1.092599999999999995e-02 1.917200000000000154e-02
4.865999999999999666e-03 1.280599999999999968e-02
1.217999999999999899e-03 6.370999999999999927e-03
0.000000000000000000e+00 0.000000000000000000e+00
1.217999999999999899e-03 -5.702999999999999736e-03
4.865999999999999666e-03 -1.060799999999999937e-02
1.092599999999999995e-02 -1.485200000000000062e-02
1.936900000000000080e-02 -1.851600000000000121e-02
3.015400000000000025e-02 -2.166300000000000170e-02
4.322700000000000153e-02 -2.435000000000000012e-02
5.852600000000000163e-02 -2.663199999999999942e-02
7.597600000000000187e-02 -2.855500000000000052e-02
9.549199999999999355e-02 -3.016500000000000084e-02
1.169779999999999986e-01 -3.150200000000000222e-02
1.403300000000000103e-01 -3.259999999999999704e-02
1.654349999999999987e-01 -3.348799999999999694e-02
1.921690000000000065e-01 -3.418800000000000311e-02
2.204039999999999888e-01 -3.471400000000000180e-02
2.500000000000000000e-01 -3.507400000000000101e-02
2.808140000000000081e-01 -3.526699999999999974e-02
3.126970000000000027e-01 -3.528699999999999892e-02
3.454920000000000213e-01 -3.512300000000000144e-02
3.790390000000000148e-01 -3.475500000000000117e-02
4.131759999999999877e-01 -3.414299999999999974e-02
4.477360000000000229e-01 -3.316000000000000197e-02
4.825499999999999790e-01 -3.182000000000000106e-02
5.174499999999999655e-01 -3.015899999999999831e-02
5.522639999999999771e-01 -2.822300000000000156e-02
5.868240000000000123e-01 -2.606500000000000136e-02
6.209609999999999852e-01 -2.374599999999999975e-02
6.545090000000000074e-01 -2.132799999999999974e-02
6.873029999999999973e-01 -1.888099999999999848e-02
7.191859999999999919e-01 -1.647600000000000106e-02
7.500000000000000000e-01 -1.418499999999999969e-02
7.795959999999999557e-01 -1.209799999999999938e-02
8.078309999999999658e-01 -1.036399999999999995e-02
8.345650000000000013e-01 -9.048000000000000487e-03
8.596700000000000452e-01 -7.936999999999999611e-03
8.830219999999999736e-01 -6.944999999999999785e-03
9.045090000000000074e-01 -6.035000000000000434e-03
9.240239999999999565e-01 -5.185000000000000372e-03
9.414740000000000331e-01 -4.388999999999999672e-03
9.567729999999999846e-01 -3.651000000000000165e-03
9.698459999999999859e-01 -2.978000000000000178e-03
9.806310000000000304e-01 -2.386000000000000100e-03
9.890740000000000087e-01 -1.892000000000000019e-03
9.951339999999999630e-01 -1.516999999999999902e-03
9.987819999999999476e-01 -1.281000000000000021e-03
1.000000000000000000e+00 -1.199999999999999895e-03
