1.000000000000000000e+00 1.399999999999999986e-03
9.987819999999999476e-01 1.652999999999999955e-03
9.951339999999999630e-01 2.416999999999999878e-03
9.890740000000000087e-01 3.704999999999999960e-03
9.806310000000000304e-01 5.526999999999999795e-03
9.698459999999999859e-01 7.896999999999999506e-03
9.567729999999999846e-01 1.081700000000000023e-02
9.414740000000000331e-01 1.428500000000000082e-02
9.240239999999999565e-01 1.828799999999999870e-02
9.045090000000000074e-01 2.279700000000000129e-02
8.830219999999999736e-01 2.776599999999999902e-02
8.596700000000000452e-01 3.312600000000000267e-02
8.345650000000000013e-01 3.878199999999999703e-02
8.078309999999999658e-01 4.459099999999999869e-02
7.795959999999999557e-01 5.029800000000000243e-02
7.500000000000000000e-01 5.584299999999999681e-02
7.191859999999999919e-01 6.122299999999999964e-02
6.873029999999999973e-01 6.637200000000000044e-02
6.545090000000000074e-01 7.121099999999999652e-02
6.209609999999999852e-01 7.565399999999999903e-02
5.868240000000000123e-01 7.961100000000000121e-02
5.522639999999999771e-01 8.299499999999999933e-02
5.174499999999999655e-01 8.572100000000000553e-02
4.825499999999999790e-01 8.771700000000000330e-02
4.477360000000000229e-01 8.891899999999999804e-02
4.131759999999999877e-01 8.927899999999999725e-02
3.790390000000000148e-01 8.878700000000000481e-02
3.454920000000000213e-01 8.767099999999999893e-02
3.126970000000000027e-01 8.601200000000000512e-02
2.808140000000000081e-01 8.385199999999999598e-02
2.500000000000000000e-01 8.122799999999999465e-02
2.204039999999999888e-01 7.817599999999999549e-02
1.921690000000000065e-01 7.472299999999999776e-02
1.654349999999999987e-01 7.089600000000000068e-02
1.403300000000000103e-01 6.671100000000000640e-02
1.169779999999999986e-01 6.218300000000000216e-02
9.549199999999999355e-02 5.732299999999999895e-02
7.597600000000000187e-02 5.213399999999999979e-02
5.852600000000000163e-02 4.662199999999999678e-02
4.322700000000000153e-02 4.079100000000000087e-02
3.015400000000000025e-02 3.464600000000000318e-02
1.936900000000000080e-02 2.819999999999999937e-02
1.092599999999999995e-02 2.146800000000000097e-02
4.865999999999999666e-03 1.448200000000000008e-02
1.217999999999999899e-03 7.293000000000000003e-03
0.000000000000000000e+00 0.000000000000000000e+00
1.217999999999999899e-03 -6.793000000000000427e-03
4.865999999999999666e-03 -1.283399999999999992e-02
1.092599999999999995e-02 -1.822800000000000115e-02
1.936900000000000080e-02 -2.303600000000000092e-02
3.015400000000000025e-02 -2.731000000000000094e-02
4.322700000000000153e-02 -3.110100000000000017e-02
5.852600000000000163e-02 -3.445200000000000345e-02
7.597600000000000187e-02 -3.740600000000000175e-02
9.549199999999999355e-02 -4.000299999999999689e-02
1.169779999999999986e-01 -4.228099999999999914e-02
1.403300000000000103e-01 -4.426700000000000079e-02
1.654349999999999987e-01 -4.598800000000000110e-02
1.921690000000000065e-01 -4.745900000000000118e-02
2.204039999999999888e-01 -4.868999999999999717e-02
2.500000000000000000e-01 -4.968199999999999700e-02
2.808140000000000081e-01 -5.043000000000000260e-02
3.126970000000000027e-01 -5.091799999999999798e-02
3.454920000000000213e-01 -5.112699999999999884e-02
3.790390000000000148e-01 -5.103499999999999703e-02
4.131759999999999877e-01 -5.057299999999999990e-02
4.477360000000000229e-01 -4.952499999999999958e-02
4.825499999999999790e-01 -4.791100000000000220e-02
5.174499999999999655e-01 -4.578700000000000131e-02
5.522639999999999771e-01 -4.322499999999999953e-02
5.868240000000000123e-01 -4.030299999999999855e-02
6.209609999999999852e-01 -3.710600000000000009e-02
6.545090000000000074e-01 -3.372900000000000204e-02
6.873029999999999973e-01 -3.026200000000000070e-02
7.191859999999999919e-01 -2.679899999999999990e-02
7.500000000000000000e-01 -2.343500000000000097e-02
7.795959999999999557e-01 -2.026599999999999929e-02
8.078309999999999658e-01 -1.743499999999999911e-02
8.345650000000000013e-01 -1.501399999999999957e-02
8.596700000000000452e-01 -1.285599999999999937e-02
8.830219999999999736e-01 -1.091400000000000009e-02
9.045090000000000074e-01 -9.164999999999999536e-03
9.240239999999999565e-01 -7.594000000000000056e-03
9.414740000000000331e-01 -6.197000000000000251e-03
9.567729999999999846e-01 -4.969000000000000326e-03
9.698459999999999859e-01 -3.912999999999999812e-03
9.806310000000000304e-01 -3.030999999999999840e-03
9.890740000000000087e-01 -2.331000000000000173e-03
9.951339999999999630e-01 -1.819000000000000087e-03
9.987819999999999476e-01 -1.505000000000000044e-03
1.000000000000000000e+00 -1.399999999999999986e-03
