1.000000000000000000e+00 0.000000000000000000e+00
9.499999999999999556e-01 4.100000000000000346e-03
9.000000000000000222e-01 8.399999999999999481e-03
8.000000000000000444e-01 1.810000000000000150e-02
6.999999999999999556e-01 3.160000000000000309e-02
5.999999999999999778e-01 4.859999999999999737e-02
5.000000000000000000e-01 6.959999999999999520e-02
4.000000000000000222e-01 8.970000000000000195e-02
2.999999999999999889e-01 9.919999999999999651e-02
2.000000000000000111e-01 9.260000000000000175e-02
1.499999999999999944e-01 8.400000000000000522e-02
1.000000000000000056e-01 7.059999999999999609e-02
7.499999999999999722e-02 6.149999999999999911e-02
5.000000000000000278e-02 4.959999999999999826e-02
2.500000000000000139e-02 3.339999999999999913e-02
1.250000000000000069e-02 2.249999999999999917e-02
0.000000000000000000e+00 0.000000000000000000e+00
1.250000000000000069e-02 -1.640000000000000138e-02
2.500000000000000139e-02 -2.009999999999999981e-02
5.000000000000000278e-02 -2.299999999999999961e-02
7.499999999999999722e-02 -2.299999999999999961e-02
1.000000000000000056e-01 -2.160000000000000114e-02
1.499999999999999944e-01 -1.700000000000000122e-02
2.000000000000000111e-01 -1.379999999999999977e-02
2.999999999999999889e-01 -1.060000000000000005e-02
4.000000000000000222e-01 -9.100000000000000450e-03
5.000000000000000000e-01 -7.499999999999999722e-03
5.999999999999999778e-01 -6.000000000000000125e-03
6.999999999999999556e-01 -4.499999999999999660e-03
8.000000000000000444e-01 -3.000000000000000062e-03
9.000000000000000222e-01 -1.600000000000000077e-03
9.499999999999999556e-01 -8.000000000000000383e-04
1.000000000000000000e+00 0.000000000000000000e+00
