1.000000000000000000e+00 0.000000000000000000e+00
9.939379999999999882e-01 3.043999999999999831e-03
9.861509999999999998e-01 5.883000000000000208e-03
9.766650000000000054e-01 8.984999999999999931e-03
9.655160000000000409e-01 1.240800000000000063e-02
9.527400000000000313e-01 1.616199999999999928e-02
9.383850000000000247e-01 2.025800000000000170e-02
9.224999999999999867e-01 2.469999999999999973e-02
9.051409999999999734e-01 2.948999999999999885e-02
8.863689999999999625e-01 3.463000000000000106e-02
8.662499999999999645e-01 4.011300000000000282e-02
8.448560000000000514e-01 4.593599999999999767e-02
8.222610000000000197e-01 5.208600000000000035e-02
7.985449999999999493e-01 5.854499999999999982e-02
7.737910000000000066e-01 6.529100000000000181e-02
7.480869999999999465e-01 7.229199999999999515e-02
7.215240000000000542e-01 7.999499999999999666e-02
6.941939999999999777e-01 8.679699999999999915e-02
6.661930000000000351e-01 9.406299999999999384e-02
6.376209999999999933e-01 1.010869999999999963e-01
6.085789999999999811e-01 1.076399999999999996e-01
5.791669999999999874e-01 1.135660000000000003e-01
5.494900000000000340e-01 1.187700000000000006e-01
5.196530000000000316e-01 1.231759999999999938e-01
4.897589999999999999e-01 1.267429999999999946e-01
4.599159999999999915e-01 1.294359999999999955e-01
4.302259999999999973e-01 1.312190000000000023e-01
4.007959999999999856e-01 1.320900000000000130e-01
3.717289999999999761e-01 1.320749999999999980e-01
3.431270000000000153e-01 1.311819999999999931e-01
3.150899999999999812e-01 1.294349999999999945e-01
2.877179999999999738e-01 1.268539999999999945e-01
2.611060000000000048e-01 1.234240000000000059e-01
2.353500000000000036e-01 1.192340000000000066e-01
2.105380000000000029e-01 1.143890000000000046e-01
1.867580000000000073e-01 1.089699999999999974e-01
1.640949999999999909e-01 1.030480000000000007e-01
1.426280000000000048e-01 9.668799999999999617e-02
1.224319999999999992e-01 8.995599999999999430e-02
1.035790000000000044e-01 8.291900000000000659e-02
8.613500000000000323e-02 7.564099999999999990e-02
7.016200000000000214e-02 6.819000000000000061e-02
5.571500000000000064e-02 6.063600000000000240e-02
4.284600000000000214e-02 5.304699999999999693e-02
3.159900000000000209e-02 4.549199999999999772e-02
2.201499999999999985e-02 3.803100000000000230e-02
1.412700000000000067e-02 3.067699999999999941e-02
7.962999999999999592e-03 2.333599999999999910e-02
3.543999999999999841e-03 1.583599999999999938e-02
8.869999999999999846e-04 6.000000000000000125e-03
0.000000000000000000e+00 0.000000000000000000e+00
8.869999999999999846e-04 -8.018000000000000821e-03
3.543999999999999841e-03 -1.513699999999999941e-02
7.962999999999999592e-03 -2.154400000000000065e-02
1.412700000000000067e-02 -2.651600000000000137e-02
2.201499999999999985e-02 -2.963800000000000115e-02
3.159900000000000209e-02 -3.132000000000000062e-02
4.284600000000000214e-02 -3.220900000000000152e-02
5.571500000000000064e-02 -3.267599999999999671e-02
7.016200000000000214e-02 -3.286700000000000038e-02
8.613500000000000323e-02 -3.265699999999999853e-02
1.035790000000000044e-01 -3.269199999999999884e-02
1.224319999999999992e-01 -3.240699999999999831e-02
1.426280000000000048e-01 -3.202399999999999691e-02
1.640949999999999909e-01 -3.155700000000000172e-02
1.867580000000000073e-01 -3.101599999999999843e-02
2.105380000000000029e-01 -3.040500000000000147e-02
2.353500000000000036e-01 -2.972400000000000042e-02
2.611060000000000048e-01 -2.896699999999999969e-02
2.877179999999999738e-01 -2.812500000000000069e-02
3.150899999999999812e-01 -2.718399999999999983e-02
3.431270000000000153e-01 -2.612400000000000139e-02
3.717289999999999761e-01 -2.491900000000000018e-02
4.007959999999999856e-01 -2.351200000000000165e-02
4.302259999999999973e-01 -2.182600000000000165e-02
4.599159999999999915e-01 -1.983000000000000040e-02
4.897589999999999999e-01 -1.753299999999999997e-02
5.196530000000000316e-01 -1.494700000000000022e-02
5.494900000000000340e-01 -1.209900000000000038e-02
5.791669999999999874e-01 -9.051999999999999283e-03
6.085789999999999811e-01 -5.917000000000000384e-03
6.376209999999999933e-01 -2.821999999999999856e-03
6.661930000000000351e-01 1.430000000000000064e-04
6.941939999999999777e-01 2.916999999999999888e-03
7.215240000000000542e-01 5.447999999999999718e-03
7.480869999999999465e-01 7.686000000000000124e-03
7.737910000000000066e-01 9.596000000000000363e-03
7.985449999999999493e-01 1.114500000000000039e-02
8.222610000000000197e-01 1.231299999999999929e-02
8.448560000000000514e-01 1.308699999999999967e-02
8.662499999999999645e-01 1.348399999999999946e-02
8.863689999999999625e-01 1.344799999999999988e-02
9.051409999999999734e-01 1.305599999999999990e-02
9.224999999999999867e-01 1.230200000000000043e-02
9.383850000000000247e-01 1.121800000000000054e-02
9.527400000000000313e-01 9.837999999999999523e-03
9.655160000000000409e-01 8.210999999999999549e-03
9.766650000000000054e-01 6.392000000000000112e-03
9.861509999999999998e-01 4.425000000000000114e-03
9.939379999999999882e-01 2.383999999999999835e-03
1.000000000000000000e+00 0.000000000000000000e+00
