1.000000000000000000e+00 0.000000000000000000e+00
9.939379999999999882e-01 2.079999999999999872e-04
9.861509999999999998e-01 3.950000000000000061e-04
9.766650000000000054e-01 6.660000000000000338e-04
9.655160000000000409e-01 1.087000000000000076e-03
9.527400000000000313e-01 1.686999999999999915e-03
9.383850000000000247e-01 2.492999999999999990e-03
9.224999999999999867e-01 3.533999999999999815e-03
9.051409999999999734e-01 4.832999999999999623e-03
8.863689999999999625e-01 6.415999999999999828e-03
8.662499999999999645e-01 8.302000000000000351e-03
8.448560000000000514e-01 1.050500000000000045e-02
8.222610000000000197e-01 1.304199999999999977e-02
7.985449999999999493e-01 1.592100000000000112e-02
7.737910000000000066e-01 1.914799999999999836e-02
7.480869999999999465e-01 2.272899999999999920e-02
7.215240000000000542e-01 2.666100000000000067e-02
6.941939999999999777e-01 3.093699999999999922e-02
6.661930000000000351e-01 3.554700000000000221e-02
6.376209999999999933e-01 4.047300000000000203e-02
6.085789999999999811e-01 4.569499999999999951e-02
5.791669999999999874e-01 5.117900000000000227e-02
5.494900000000000340e-01 5.688300000000000300e-02
5.196530000000000316e-01 6.276900000000000535e-02
4.897589999999999999e-01 6.878800000000000192e-02
4.599159999999999915e-01 7.487900000000000111e-02
4.302259999999999973e-01 8.095900000000000318e-02
4.007959999999999856e-01 8.683899999999999952e-02
3.717289999999999761e-01 9.209599999999999731e-02
3.431270000000000153e-01 9.626999999999999447e-02
3.150899999999999812e-01 9.902400000000000091e-02
2.877179999999999738e-01 1.003659999999999969e-01
2.611060000000000048e-01 1.004260000000000014e-01
2.353500000000000036e-01 9.931199999999999750e-02
2.105380000000000029e-01 9.714100000000000512e-02
1.867580000000000073e-01 9.403699999999999559e-02
1.640949999999999909e-01 9.012000000000000566e-02
1.426280000000000048e-01 8.548999999999999655e-02
1.224319999999999992e-01 8.025200000000000389e-02
1.035790000000000044e-01 7.450800000000000478e-02
8.613500000000000323e-02 6.834700000000000497e-02
7.016200000000000214e-02 6.189200000000000257e-02
5.571500000000000064e-02 5.526099999999999762e-02
4.284600000000000214e-02 4.852999999999999675e-02
3.159900000000000209e-02 4.177700000000000163e-02
2.201499999999999985e-02 3.507099999999999801e-02
1.412700000000000067e-02 2.844000000000000000e-02
7.962999999999999592e-03 2.167399999999999882e-02
3.543999999999999841e-03 1.462500000000000085e-02
8.869999999999999846e-04 7.505999999999999651e-03
0.000000000000000000e+00 0.000000000000000000e+00
8.869999999999999846e-04 -7.493999999999999793e-03
3.543999999999999841e-03 -1.428800000000000035e-02
7.962999999999999592e-03 -2.029900000000000107e-02
1.412700000000000067e-02 -2.495299999999999949e-02
2.201499999999999985e-02 -2.801800000000000124e-02
3.159900000000000209e-02 -2.994499999999999940e-02
4.284600000000000214e-02 -3.134800000000000086e-02
5.571500000000000064e-02 -3.243599999999999955e-02
7.016200000000000214e-02 -3.330299999999999927e-02
8.613500000000000323e-02 -3.400600000000000150e-02
1.035790000000000044e-01 -3.458100000000000063e-02
1.224319999999999992e-01 -3.505400000000000182e-02
1.426280000000000048e-01 -3.544699999999999934e-02
1.640949999999999909e-01 -3.577199999999999824e-02
1.867580000000000073e-01 -3.604000000000000259e-02
2.105380000000000029e-01 -3.625699999999999756e-02
2.353500000000000036e-01 -3.642600000000000005e-02
2.611060000000000048e-01 -3.654899999999999816e-02
2.877179999999999738e-01 -3.662499999999999784e-02
3.150899999999999812e-01 -3.665199999999999708e-02
3.431270000000000153e-01 -3.662699999999999984e-02
3.717289999999999761e-01 -3.654299999999999909e-02
4.007959999999999856e-01 -3.639699999999999880e-02
4.302259999999999973e-01 -3.618099999999999788e-02
4.599159999999999915e-01 -3.588999999999999829e-02
4.897589999999999999e-01 -3.551300000000000290e-02
5.196530000000000316e-01 -3.504499999999999976e-02
5.494900000000000340e-01 -3.447800000000000170e-02
5.791669999999999874e-01 -3.380299999999999971e-02
6.085789999999999811e-01 -3.301199999999999968e-02
6.376209999999999933e-01 -3.209700000000000053e-02
6.661930000000000351e-01 -3.104900000000000021e-02
6.941939999999999777e-01 -2.985399999999999859e-02
7.215240000000000542e-01 -2.850300000000000056e-02
7.480869999999999465e-01 -2.697300000000000045e-02
7.737910000000000066e-01 -2.523699999999999902e-02
7.985449999999999493e-01 -2.322199999999999959e-02
8.222610000000000197e-01 -2.073799999999999949e-02
8.448560000000000514e-01 -1.808799999999999991e-02
8.662499999999999645e-01 -1.544200000000000086e-02
8.863689999999999625e-01 -1.289200000000000068e-02
9.051409999999999734e-01 -1.050700000000000071e-02
9.224999999999999867e-01 -8.333999999999999395e-03
9.383850000000000247e-01 -6.405000000000000103e-03
9.527400000000000313e-01 -4.734999999999999626e-03
9.655160000000000409e-01 -3.331999999999999892e-03
9.766650000000000054e-01 -2.190999999999999805e-03
9.861509999999999998e-01 -1.299999999999999940e-03
9.939379999999999882e-01 -6.040000000000000447e-04
1.000000000000000000e+00 0.000000000000000000e+00
