1.000000000000000000e+00 0.000000000000000000e+00
9.502000000000000446e-01 8.911999999999999783e-03
9.004999999999999671e-01 1.758399999999999894e-02
8.507000000000000117e-01 2.635200000000000042e-02
8.007999999999999563e-01 3.507799999999999807e-02
7.504999999999999449e-01 4.361600000000000199e-02
7.008999999999999675e-01 5.158599999999999991e-02
6.508000000000000451e-01 5.900600000000000289e-02
6.006000000000000227e-01 6.562800000000000578e-02
5.503000000000000114e-01 7.127000000000000002e-02
5.000000000000000000e-01 7.574200000000000377e-02
4.495999999999999996e-01 7.879999999999999505e-02
3.991999999999999993e-01 8.018000000000000127e-02
3.487999999999999989e-01 8.032000000000000250e-02
2.999999999999999889e-01 7.875999999999999668e-02
2.500000000000000000e-01 7.599999999999999811e-02
2.000000000000000111e-01 7.166000000000000147e-02
1.749999999999999889e-01 6.880000000000000004e-02
1.499999999999999944e-01 6.539999999999999980e-02
1.250000000000000000e-01 6.138600000000000306e-02
1.000000000000000056e-01 5.649599999999999761e-02
7.499999999999999722e-02 5.048400000000000110e-02
5.000000000000000278e-02 4.272600000000000009e-02
3.749999999999999861e-02 3.776199999999999696e-02
2.500000000000000139e-02 3.150000000000000022e-02
1.250000000000000069e-02 2.272800000000000167e-02
5.000000000000000104e-03 1.457999999999999921e-02
2.000000000000000042e-03 9.473999999999999783e-03
0.000000000000000000e+00 0.000000000000000000e+00
2.000000000000000042e-03 -5.484000000000000159e-03
5.000000000000000104e-03 -8.753999999999999629e-03
1.250000000000000069e-02 -1.310799999999999986e-02
2.500000000000000139e-02 -1.728199999999999875e-02
3.749999999999999861e-02 -2.025000000000000064e-02
5.000000000000000278e-02 -2.267999999999999877e-02
7.499999999999999722e-02 -2.661000000000000171e-02
1.000000000000000056e-01 -2.971999999999999989e-02
1.250000000000000000e-01 -3.225999999999999701e-02
1.499999999999999944e-01 -3.436800000000000271e-02
1.749999999999999889e-01 -3.611999999999999933e-02
2.000000000000000111e-01 -3.744000000000000106e-02
2.500000000000000000e-01 -3.935999999999999915e-02
2.999999999999999889e-01 -3.989999999999999797e-02
3.487999999999999989e-01 -3.941999999999999671e-02
3.991999999999999993e-01 -3.790000000000000313e-02
4.495999999999999996e-01 -3.557400000000000145e-02
5.000000000000000000e-01 -3.258799999999999891e-02
5.503000000000000114e-01 -2.933799999999999950e-02
6.006000000000000227e-01 -2.597599999999999909e-02
6.508000000000000451e-01 -2.266999999999999918e-02
7.008999999999999675e-01 -1.941999999999999976e-02
7.504999999999999449e-01 -1.620200000000000112e-02
8.007999999999999563e-01 -1.299400000000000034e-02
8.507000000000000117e-01 -9.775999999999999968e-03
9.004999999999999671e-01 -6.536000000000000143e-03
9.502000000000000446e-01 -3.272000000000000169e-03
1.000000000000000000e+00 0.000000000000000000e+00
