1.000000000000000000e+00 1.500000000000000031e-03
9.749999999999999778e-01 5.210000000000000221e-03
9.499999999999999556e-01 8.840000000000000635e-03
9.250000000000000444e-01 1.235999999999999946e-02
9.000000000000000222e-01 1.578999999999999848e-02
8.750000000000000000e-01 1.910999999999999852e-02
8.499999999999999778e-01 2.233999999999999875e-02
8.249999999999999556e-01 2.545000000000000040e-02
8.000000000000000444e-01 2.845999999999999919e-02
7.750000000000000222e-01 3.135999999999999899e-02
7.500000000000000000e-01 3.414999999999999980e-02
7.249999999999999778e-01 3.681999999999999856e-02
6.999999999999999556e-01 3.937999999999999834e-02
6.750000000000000444e-01 4.182999999999999913e-02
6.500000000000000222e-01 4.415000000000000174e-02
6.250000000000000000e-01 4.633999999999999925e-02
5.999999999999999778e-01 4.841999999999999776e-02
5.749999999999999556e-01 5.036999999999999811e-02
5.500000000000000444e-01 5.219000000000000028e-02
5.250000000000000222e-01 5.387999999999999734e-02
5.000000000000000000e-01 5.543000000000000010e-02
4.749999999999999778e-01 5.684000000000000163e-02
4.500000000000000111e-01 5.813000000000000111e-02
4.249999999999999889e-01 5.926000000000000018e-02
4.000000000000000222e-01 6.026000000000000106e-02
3.750000000000000000e-01 6.110999999999999766e-02
3.499999999999999778e-01 6.180999999999999689e-02
3.200000000000000067e-01 6.246000000000000163e-02
2.823100000000000054e-01 6.293999999999999595e-02
2.514799999999999813e-01 6.297999999999999432e-02
2.207699999999999940e-01 6.265999999999999348e-02
1.901799999999999879e-01 6.187000000000000138e-02
1.597200000000000009e-01 6.037000000000000005e-02
1.294200000000000073e-01 5.782000000000000334e-02
9.927999999999999325e-02 5.369000000000000161e-02
8.427999999999999381e-02 5.079000000000000181e-02
6.766999999999999404e-02 4.667999999999999927e-02
5.206000000000000211e-02 4.164000000000000340e-02
3.844000000000000195e-02 3.593999999999999972e-02
2.678000000000000172e-02 2.972999999999999948e-02
1.721999999999999920e-02 2.349000000000000046e-02
9.719999999999999474e-03 1.723999999999999838e-02
4.329999999999999648e-03 1.115000000000000019e-02
1.059999999999999961e-03 5.290000000000000431e-03
0.000000000000000000e+00 0.000000000000000000e+00
1.059999999999999961e-03 -4.109999999999999938e-03
4.329999999999999648e-03 -7.289999999999999605e-03
9.719999999999999474e-03 -1.000999999999999980e-02
1.721999999999999920e-02 -1.267000000000000071e-02
2.678000000000000172e-02 -1.524999999999999967e-02
3.844000000000000195e-02 -1.772999999999999923e-02
5.206000000000000211e-02 -2.009999999999999981e-02
6.766999999999999404e-02 -2.238000000000000059e-02
8.427999999999999381e-02 -2.443999999999999992e-02
9.927999999999999325e-02 -2.605000000000000024e-02
1.294200000000000073e-01 -2.880999999999999880e-02
1.597200000000000009e-01 -3.107000000000000040e-02
1.901799999999999879e-01 -3.291999999999999788e-02
2.207699999999999940e-01 -3.445000000000000145e-02
2.514799999999999813e-01 -3.568999999999999950e-02
2.823100000000000054e-01 -3.667000000000000121e-02
3.200000000000000067e-01 -3.753000000000000086e-02
3.499999999999999778e-01 -3.796999999999999681e-02
3.750000000000000000e-01 -3.817000000000000254e-02
4.000000000000000222e-01 -3.823000000000000009e-02
4.249999999999999889e-01 -3.812999999999999723e-02
4.500000000000000111e-01 -3.790999999999999925e-02
4.749999999999999778e-01 -3.753000000000000086e-02
5.000000000000000000e-01 -3.703000000000000042e-02
5.250000000000000222e-01 -3.638000000000000261e-02
5.500000000000000444e-01 -3.561000000000000276e-02
5.749999999999999556e-01 -3.470000000000000168e-02
5.999999999999999778e-01 -3.366000000000000242e-02
6.250000000000000000e-01 -3.250000000000000111e-02
6.500000000000000222e-01 -3.122000000000000122e-02
6.750000000000000444e-01 -2.980999999999999969e-02
6.999999999999999556e-01 -2.827999999999999958e-02
7.249999999999999778e-01 -2.664000000000000049e-02
7.500000000000000000e-01 -2.488999999999999893e-02
7.750000000000000222e-01 -2.301999999999999880e-02
8.000000000000000444e-01 -2.103999999999999967e-02
8.249999999999999556e-01 -1.895000000000000157e-02
8.499999999999999778e-01 -1.676000000000000059e-02
8.750000000000000000e-01 -1.446000000000000063e-02
9.000000000000000222e-01 -1.205999999999999954e-02
9.250000000000000444e-01 -9.570000000000000381e-03
9.499999999999999556e-01 -6.969999999999999633e-03
9.749999999999999778e-01 -4.279999999999999950e-03
1.000000000000000000e+00 -1.500000000000000031e-03
