1.000000000000000000e+00 0.000000000000000000e+00
9.499999999999999556e-01 1.200000000000000025e-02
9.000000000000000222e-01 2.309999999999999901e-02
8.499999999999999778e-01 3.425000000000000266e-02
8.000000000000000444e-01 4.499999999999999833e-02
7.500000000000000000e-01 5.510000000000000314e-02
6.999999999999999556e-01 6.464999999999999913e-02
6.500000000000000222e-01 7.359999999999999876e-02
5.999999999999999778e-01 8.175000000000000322e-02
5.500000000000000444e-01 8.874999999999999556e-02
5.000000000000000000e-01 9.425000000000000044e-02
4.500000000000000111e-01 9.790000000000000091e-02
4.000000000000000222e-01 9.975000000000000533e-02
3.499999999999999778e-01 1.000000000000000056e-01
2.999999999999999889e-01 9.900000000000000466e-02
2.750000000000000222e-01 9.800000000000000377e-02
2.500000000000000000e-01 9.660000000000000531e-02
2.250000000000000056e-01 9.470000000000000639e-02
2.000000000000000111e-01 9.199999999999999845e-02
1.749999999999999889e-01 8.824999999999999512e-02
1.499999999999999944e-01 8.325000000000000455e-02
1.250000000000000000e-01 7.699999999999999900e-02
1.000000000000000056e-01 6.915000000000000313e-02
7.499999999999999722e-02 5.899999999999999689e-02
5.000000000000000278e-02 4.649999999999999967e-02
2.500000000000000139e-02 2.999999999999999889e-02
1.250000000000000069e-02 1.874999999999999931e-02
0.000000000000000000e+00 0.000000000000000000e+00
1.250000000000000069e-02 -1.200000000000000025e-02
2.500000000000000139e-02 -1.799999999999999864e-02
5.000000000000000278e-02 -2.670000000000000151e-02
7.499999999999999722e-02 -3.275000000000000133e-02
1.000000000000000056e-01 -3.685000000000000081e-02
1.250000000000000000e-01 -3.930000000000000160e-02
1.499999999999999944e-01 -4.050000000000000128e-02
1.749999999999999889e-01 -4.084999999999999742e-02
2.000000000000000111e-01 -4.059999999999999720e-02
2.250000000000000056e-01 -3.994999999999999940e-02
2.500000000000000000e-01 -3.889999999999999708e-02
2.750000000000000222e-01 -3.749999999999999861e-02
2.999999999999999889e-01 -3.574999999999999706e-02
3.499999999999999778e-01 -3.185000000000000331e-02
4.000000000000000222e-01 -2.775000000000000036e-02
4.500000000000000111e-01 -2.350000000000000006e-02
5.000000000000000000e-01 -1.924999999999999975e-02
5.500000000000000444e-01 -1.532000000000000028e-02
5.999999999999999778e-01 -1.200000000000000025e-02
6.500000000000000222e-01 -9.400000000000000369e-03
6.999999999999999556e-01 -7.499999999999999722e-03
7.500000000000000000e-01 -6.000000000000000125e-03
8.000000000000000444e-01 -5.000000000000000104e-03
8.499999999999999778e-01 -4.000000000000000083e-03
9.000000000000000222e-01 -3.249999999999999851e-03
9.499999999999999556e-01 -2.500000000000000052e-03
1.000000000000000000e+00 0.000000000000000000e+00
