1.000000000000000000e+00 0.000000000000000000e+00
9.989799999999999791e-01 4.000000000000000327e-05
9.959999999999999964e-01 3.299999999999999982e-04
9.911999999999999700e-01 1.030000000000000100e-03
9.848099999999999632e-01 2.220000000000000185e-03
9.770100000000000451e-01 3.899999999999999821e-03
9.679600000000000426e-01 5.989999999999999665e-03
9.577700000000000102e-01 8.389999999999999888e-03
9.464700000000000335e-01 1.102000000000000028e-02
9.340899999999999759e-01 1.386000000000000079e-02
9.207199999999999829e-01 1.694999999999999979e-02
9.065299999999999470e-01 2.019999999999999921e-02
8.916600000000000081e-01 2.353999999999999843e-02
8.762699999999999934e-01 2.664000000000000049e-02
8.600700000000000012e-01 2.919000000000000067e-02
8.427799999999999736e-01 3.139999999999999736e-02
8.245099999999999651e-01 3.341000000000000220e-02
8.053200000000000358e-01 3.522999999999999743e-02
7.852700000000000236e-01 3.688000000000000306e-02
7.643999999999999684e-01 3.837000000000000133e-02
7.427899999999999503e-01 3.971000000000000224e-02
7.204899999999999638e-01 4.089000000000000273e-02
6.975599999999999579e-01 4.191999999999999893e-02
6.740599999999999925e-01 4.279999999999999777e-02
6.500599999999999712e-01 4.354000000000000231e-02
6.256300000000000194e-01 4.413000000000000256e-02
6.008400000000000407e-01 4.456999999999999851e-02
5.757400000000000295e-01 4.485999999999999710e-02
5.504099999999999548e-01 4.501999999999999752e-02
5.249099999999999877e-01 4.503000000000000058e-02
4.993199999999999861e-01 4.490000000000000241e-02
4.737100000000000199e-01 4.463000000000000300e-02
4.481499999999999928e-01 4.422000000000000236e-02
4.227000000000000202e-01 4.367999999999999661e-02
3.974300000000000055e-01 4.300999999999999962e-02
3.724100000000000188e-01 4.220999999999999752e-02
3.477199999999999736e-01 4.129000000000000031e-02
3.234099999999999753e-01 4.023999999999999799e-02
2.995599999999999929e-01 3.908999999999999975e-02
2.762200000000000211e-01 3.781999999999999945e-02
2.534699999999999731e-01 3.645000000000000323e-02
2.313600000000000101e-01 3.497999999999999721e-02
2.099600000000000077e-01 3.341000000000000220e-02
1.893100000000000060e-01 3.175999999999999657e-02
1.694799999999999918e-01 3.003000000000000114e-02
1.505299999999999971e-01 2.823000000000000162e-02
1.325000000000000067e-01 2.637000000000000108e-02
1.154400000000000009e-01 2.443999999999999992e-02
9.940000000000000224e-02 2.247999999999999998e-02
8.441999999999999504e-02 2.046999999999999861e-02
7.055000000000000160e-02 1.844000000000000153e-02
5.781000000000000028e-02 1.637999999999999873e-02
4.626000000000000251e-02 1.433000000000000072e-02
3.592000000000000054e-02 1.227999999999999925e-02
2.682000000000000009e-02 1.025000000000000043e-02
1.898999999999999994e-02 8.269999999999999574e-03
1.244999999999999926e-02 6.329999999999999689e-03
7.230000000000000315e-03 4.490000000000000067e-03
3.360000000000000139e-03 2.749999999999999840e-03
8.800000000000000313e-04 1.190000000000000085e-03
0.000000000000000000e+00 0.000000000000000000e+00
8.800000000000000313e-04 -1.190000000000000085e-03
3.360000000000000139e-03 -2.749999999999999840e-03
7.230000000000000315e-03 -4.490000000000000067e-03
1.244999999999999926e-02 -6.329999999999999689e-03
1.898999999999999994e-02 -8.269999999999999574e-03
2.682000000000000009e-02 -1.025000000000000043e-02
3.592000000000000054e-02 -1.227999999999999925e-02
4.626000000000000251e-02 -1.433000000000000072e-02
5.781000000000000028e-02 -1.637999999999999873e-02
7.055000000000000160e-02 -1.844000000000000153e-02
8.441999999999999504e-02 -2.046999999999999861e-02
9.940000000000000224e-02 -2.247999999999999998e-02
1.154400000000000009e-01 -2.443999999999999992e-02
1.325000000000000067e-01 -2.637000000000000108e-02
1.505299999999999971e-01 -2.823000000000000162e-02
1.694799999999999918e-01 -3.003000000000000114e-02
1.893100000000000060e-01 -3.175999999999999657e-02
2.099600000000000077e-01 -3.341000000000000220e-02
2.313600000000000101e-01 -3.497999999999999721e-02
2.534699999999999731e-01 -3.645000000000000323e-02
2.762200000000000211e-01 -3.781999999999999945e-02
2.995599999999999929e-01 -3.908999999999999975e-02
3.234099999999999753e-01 -4.023999999999999799e-02
3.477199999999999736e-01 -4.129000000000000031e-02
3.724100000000000188e-01 -4.220999999999999752e-02
3.974300000000000055e-01 -4.300999999999999962e-02
4.227000000000000202e-01 -4.367999999999999661e-02
4.481499999999999928e-01 -4.422000000000000236e-02
4.737100000000000199e-01 -4.463000000000000300e-02
4.993199999999999861e-01 -4.490000000000000241e-02
5.249099999999999877e-01 -4.503000000000000058e-02
5.504099999999999548e-01 -4.501999999999999752e-02
5.757400000000000295e-01 -4.485999999999999710e-02
6.008400000000000407e-01 -4.456999999999999851e-02
6.256300000000000194e-01 -4.413000000000000256e-02
6.500599999999999712e-01 -4.354000000000000231e-02
6.740599999999999925e-01 -4.279999999999999777e-02
6.975599999999999579e-01 -4.191999999999999893e-02
7.204899999999999638e-01 -4.089000000000000273e-02
7.427899999999999503e-01 -3.971000000000000224e-02
7.643999999999999684e-01 -3.837000000000000133e-02
7.852700000000000236e-01 -3.688000000000000306e-02
8.053200000000000358e-01 -3.522999999999999743e-02
8.245099999999999651e-01 -3.341000000000000220e-02
8.427799999999999736e-01 -3.139999999999999736e-02
8.600700000000000012e-01 -2.919000000000000067e-02
8.762699999999999934e-01 -2.664000000000000049e-02
8.916600000000000081e-01 -2.353999999999999843e-02
9.065299999999999470e-01 -2.019999999999999921e-02
9.207199999999999829e-01 -1.694999999999999979e-02
9.340899999999999759e-01 -1.386000000000000079e-02
9.464700000000000335e-01 -1.102000000000000028e-02
9.577700000000000102e-01 -8.389999999999999888e-03
9.679600000000000426e-01 -5.989999999999999665e-03
9.770100000000000451e-01 -3.899999999999999821e-03
9.848099999999999632e-01 -2.220000000000000185e-03
9.911999999999999700e-01 -1.030000000000000100e-03
9.959999999999999964e-01 -3.299999999999999982e-04
9.989799999999999791e-01 -4.000000000000000327e-05
1.000000000000000000e+00 0.000000000000000000e+00
