1.000000000000000000e+00 0.000000000000000000e+00
9.990599999999999481e-01 9.000000000000000567e-05
9.963100000000000289e-01 4.800000000000000122e-04
9.918900000000000494e-01 1.280000000000000105e-03
9.859599999999999476e-01 2.540000000000000157e-03
9.787000000000000144e-01 4.199999999999999740e-03
9.701999999999999513e-01 6.190000000000000190e-03
9.605099999999999749e-01 8.399999999999999481e-03
9.496299999999999741e-01 1.074999999999999914e-02
9.375099999999999545e-01 1.324000000000000003e-02
9.242000000000000215e-01 1.593999999999999931e-02
9.097899999999999876e-01 1.885999999999999829e-02
8.943799999999999528e-01 2.197999999999999954e-02
8.780499999999999972e-01 2.529999999999999957e-02
8.609099999999999531e-01 2.876000000000000084e-02
8.430600000000000316e-01 3.232000000000000151e-02
8.246099999999999541e-01 3.590999999999999748e-02
8.056699999999999973e-01 3.942999999999999977e-02
7.863499999999999934e-01 4.265000000000000041e-02
7.664199999999999902e-01 4.531999999999999917e-02
7.456899999999999640e-01 4.762000000000000260e-02
7.242499999999999494e-01 4.966000000000000275e-02
7.021600000000000064e-01 5.145999999999999880e-02
6.794900000000000384e-01 5.303999999999999687e-02
6.562999999999999945e-01 5.439999999999999697e-02
6.326399999999999801e-01 5.555999999999999828e-02
6.086000000000000298e-01 5.650999999999999773e-02
5.842199999999999616e-01 5.725999999999999840e-02
5.595799999999999663e-01 5.781000000000000028e-02
5.347399999999999931e-01 5.816000000000000336e-02
5.097699999999999454e-01 5.831999999999999684e-02
4.847400000000000042e-01 5.827999999999999847e-02
4.596999999999999975e-01 5.806000000000000050e-02
4.347300000000000053e-01 5.764999999999999986e-02
4.098999999999999866e-01 5.704999999999999655e-02
3.852599999999999913e-01 5.627999999999999670e-02
3.608999999999999986e-01 5.532999999999999724e-02
3.368599999999999928e-01 5.421999999999999736e-02
3.132099999999999884e-01 5.294000000000000095e-02
2.900200000000000000e-01 5.149999999999999717e-02
2.673499999999999766e-01 4.991000000000000297e-02
2.452600000000000058e-01 4.816999999999999754e-02
2.237999999999999989e-01 4.630000000000000088e-02
2.030399999999999983e-01 4.429999999999999910e-02
1.830199999999999882e-01 4.218000000000000221e-02
1.638100000000000112e-01 3.994999999999999940e-02
1.454499999999999960e-01 3.762000000000000066e-02
1.279899999999999927e-01 3.520000000000000212e-02
1.114699999999999996e-01 3.269999999999999990e-02
9.594999999999999363e-02 3.014000000000000012e-02
8.146000000000000463e-02 2.751999999999999932e-02
6.804000000000000326e-02 2.486000000000000015e-02
5.573000000000000176e-02 2.217999999999999833e-02
4.456000000000000238e-02 1.948000000000000079e-02
3.456000000000000044e-02 1.678999999999999937e-02
2.576000000000000165e-02 1.413000000000000020e-02
1.820000000000000090e-02 1.150999999999999940e-02
1.188999999999999953e-02 8.959999999999999215e-03
6.879999999999999831e-03 6.510000000000000162e-03
3.210000000000000180e-03 4.179999999999999688e-03
9.100000000000000016e-04 1.949999999999999910e-03
0.000000000000000000e+00 5.000000000000000240e-05
8.099999999999999561e-04 -1.770000000000000089e-03
3.249999999999999851e-03 -3.899999999999999821e-03
6.989999999999999686e-03 -6.179999999999999730e-03
1.203000000000000076e-02 -8.519999999999999796e-03
1.835000000000000173e-02 -1.090999999999999956e-02
2.591999999999999860e-02 -1.332999999999999984e-02
3.470999999999999780e-02 -1.575000000000000011e-02
4.467000000000000137e-02 -1.815999999999999906e-02
5.578000000000000319e-02 -2.052999999999999964e-02
6.801000000000000101e-02 -2.283999999999999919e-02
8.130999999999999339e-02 -2.506999999999999854e-02
9.564000000000000279e-02 -2.721000000000000155e-02
1.109699999999999992e-01 -2.923999999999999863e-02
1.272500000000000020e-01 -3.113000000000000142e-02
1.444400000000000128e-01 -3.287000000000000338e-02
1.624700000000000033e-01 -3.443999999999999839e-02
1.813099999999999989e-01 -3.581000000000000155e-02
2.008999999999999952e-01 -3.695999999999999980e-02
2.211899999999999977e-01 -3.783999999999999864e-02
2.421000000000000096e-01 -3.839999999999999664e-02
2.636700000000000155e-01 -3.851000000000000256e-02
2.860199999999999965e-01 -3.819999999999999785e-02
3.091599999999999904e-01 -3.758999999999999841e-02
3.330000000000000182e-01 -3.676999999999999713e-02
3.574700000000000100e-01 -3.577000000000000318e-02
3.824799999999999867e-01 -3.463000000000000106e-02
4.079699999999999993e-01 -3.336999999999999689e-02
4.338400000000000034e-01 -3.201999999999999985e-02
4.600099999999999745e-01 -3.058999999999999914e-02
4.864100000000000090e-01 -2.911000000000000046e-02
5.129500000000000171e-01 -2.759999999999999953e-02
5.395400000000000196e-01 -2.605999999999999983e-02
5.661000000000000476e-01 -2.451000000000000054e-02
5.925500000000000211e-01 -2.296000000000000124e-02
6.188000000000000167e-01 -2.143000000000000113e-02
6.447699999999999543e-01 -1.992000000000000021e-02
6.703799999999999759e-01 -1.844000000000000153e-02
6.955400000000000471e-01 -1.701000000000000081e-02
7.201699999999999768e-01 -1.562000000000000020e-02
7.441999999999999726e-01 -1.427999999999999929e-02
7.675499999999999545e-01 -1.301000000000000073e-02
7.901399999999999535e-01 -1.179000000000000013e-02
8.118900000000000006e-01 -1.064000000000000015e-02
8.327499999999999902e-01 -9.549999999999999462e-03
8.526299999999999990e-01 -8.540000000000000716e-03
8.714699999999999669e-01 -7.579999999999999932e-03
8.891999999999999904e-01 -6.689999999999999766e-03
9.057800000000000296e-01 -5.850000000000000165e-03
9.211300000000000043e-01 -5.069999999999999854e-03
9.352000000000000313e-01 -4.320000000000000055e-03
9.479499999999999593e-01 -3.589999999999999875e-03
9.593500000000000361e-01 -2.830000000000000050e-03
9.694500000000000339e-01 -2.020000000000000094e-03
9.782699999999999729e-01 -1.260000000000000052e-03
9.857599999999999696e-01 -6.300000000000000261e-04
9.918099999999999694e-01 -2.100000000000000087e-04
9.962900000000000089e-01 -0.000000000000000000e+00
9.990599999999999481e-01 3.000000000000000076e-05
1.000000000000000000e+00 0.000000000000000000e+00
