1.000000000000000000e+00 0.000000000000000000e+00
9.990799999999999681e-01 1.499999999999999869e-04
9.963899999999999979e-01 6.999999999999999929e-04
9.920999999999999819e-01 1.770000000000000089e-03
9.864100000000000090e-01 3.350000000000000113e-03
9.794599999999999973e-01 5.369999999999999774e-03
9.713699999999999557e-01 7.709999999999999840e-03
9.621600000000000152e-01 1.021999999999999992e-02
9.517700000000000049e-01 1.281000000000000021e-02
9.401399999999999757e-01 1.548000000000000070e-02
9.272799999999999931e-01 1.830999999999999989e-02
9.132799999999999807e-01 2.131999999999999867e-02
8.981900000000000439e-01 2.450000000000000094e-02
8.820900000000000407e-01 2.785999999999999935e-02
8.650600000000000511e-01 3.135999999999999899e-02
8.471800000000000441e-01 3.500000000000000333e-02
8.285299999999999887e-01 3.873999999999999666e-02
8.092000000000000304e-01 4.256000000000000061e-02
7.892799999999999816e-01 4.639999999999999680e-02
7.688500000000000334e-01 5.022000000000000075e-02
7.480099999999999527e-01 5.392999999999999877e-02
7.268400000000000416e-01 5.748000000000000331e-02
7.054300000000000015e-01 6.067000000000000171e-02
6.836499999999999799e-01 6.329999999999999516e-02
6.613200000000000189e-01 6.547000000000000042e-02
6.384900000000000020e-01 6.730999999999999484e-02
6.152300000000000546e-01 6.883999999999999841e-02
5.916099999999999692e-01 7.008000000000000340e-02
5.676900000000000279e-01 7.105000000000000204e-02
5.435400000000000231e-01 7.174999999999999434e-02
5.192200000000000149e-01 7.219000000000000417e-02
4.947900000000000076e-01 7.237000000000000377e-02
4.703200000000000158e-01 7.230000000000000315e-02
4.458799999999999986e-01 7.198999999999999844e-02
4.215200000000000058e-01 7.144000000000000350e-02
3.973099999999999965e-01 7.066000000000000059e-02
3.733099999999999752e-01 6.965000000000000357e-02
3.495900000000000118e-01 6.841999999999999471e-02
3.261999999999999900e-01 6.697000000000000175e-02
3.032199999999999895e-01 6.532000000000000306e-02
2.806899999999999951e-01 6.346999999999999864e-02
2.586800000000000210e-01 6.144000000000000156e-02
2.372400000000000064e-01 5.922000000000000181e-02
2.164300000000000113e-01 5.684000000000000163e-02
1.963000000000000023e-01 5.430000000000000104e-02
1.769100000000000117e-01 5.161000000000000310e-02
1.582999999999999963e-01 4.880000000000000310e-02
1.405299999999999883e-01 4.585999999999999799e-02
1.236300000000000038e-01 4.281999999999999695e-02
1.076600000000000057e-01 3.969000000000000306e-02
9.264000000000000012e-02 3.647999999999999854e-02
7.863000000000000544e-02 3.321000000000000341e-02
6.565999999999999615e-02 2.990999999999999909e-02
5.376000000000000223e-02 2.657999999999999946e-02
4.297000000000000125e-02 2.324999999999999983e-02
3.330999999999999933e-02 1.993999999999999939e-02
2.480999999999999872e-02 1.668000000000000038e-02
1.750000000000000167e-02 1.348000000000000066e-02
1.141000000000000000e-02 1.038999999999999993e-02
6.570000000000000319e-03 7.420000000000000380e-03
3.010000000000000089e-03 4.590000000000000330e-03
7.200000000000000453e-04 1.979999999999999989e-03
1.000000000000000082e-05 -1.900000000000000105e-04
1.020000000000000073e-03 -2.340000000000000066e-03
3.439999999999999915e-03 -4.760000000000000342e-03
7.199999999999999803e-03 -7.230000000000000315e-03
1.225000000000000047e-02 -9.759999999999999579e-03
1.854000000000000092e-02 -1.230999999999999976e-02
2.602000000000000146e-02 -1.485000000000000035e-02
3.466000000000000331e-02 -1.734000000000000125e-02
4.442000000000000115e-02 -1.975000000000000019e-02
5.526999999999999968e-02 -2.204000000000000056e-02
6.718000000000000360e-02 -2.418999999999999970e-02
8.010000000000000453e-02 -2.614999999999999963e-02
9.399000000000000410e-02 -2.790000000000000119e-02
1.088100000000000039e-01 -2.937000000000000027e-02
1.245200000000000057e-01 -3.050999999999999893e-02
1.410899999999999932e-01 -3.116000000000000020e-02
1.587200000000000000e-01 -3.123000000000000081e-02
1.775500000000000134e-01 -3.090000000000000038e-02
1.974899999999999989e-01 -3.029000000000000095e-02
2.184699999999999975e-01 -2.946000000000000008e-02
2.404199999999999948e-01 -2.844999999999999959e-02
2.632700000000000040e-01 -2.730000000000000135e-02
2.869399999999999729e-01 -2.603000000000000105e-02
3.113600000000000256e-01 -2.467000000000000096e-02
3.364500000000000268e-01 -2.324000000000000024e-02
3.621199999999999974e-01 -2.177000000000000116e-02
3.882999999999999785e-01 -2.026000000000000023e-02
4.148999999999999910e-01 -1.874999999999999931e-02
4.418400000000000105e-01 -1.722999999999999879e-02
4.690199999999999925e-01 -1.573000000000000093e-02
4.963699999999999779e-01 -1.426000000000000011e-02
5.237899999999999778e-01 -1.282999999999999939e-02
5.512000000000000233e-01 -1.145999999999999970e-02
5.785000000000000142e-01 -1.013999999999999971e-02
6.056200000000000472e-01 -8.890000000000000333e-03
6.324600000000000222e-01 -7.709999999999999840e-03
6.589300000000000157e-01 -6.610000000000000424e-03
6.849600000000000133e-01 -5.599999999999999943e-03
7.104500000000000259e-01 -4.680000000000000132e-03
7.353300000000000392e-01 -3.850000000000000124e-03
7.595100000000000184e-01 -3.109999999999999917e-03
7.829199999999999493e-01 -2.459999999999999947e-03
8.054599999999999538e-01 -1.899999999999999996e-03
8.270800000000000374e-01 -1.430000000000000064e-03
8.477000000000000091e-01 -1.039999999999999909e-03
8.672400000000000109e-01 -7.299999999999999632e-04
8.856500000000000483e-01 -5.000000000000000104e-04
9.028500000000000414e-01 -3.200000000000000262e-04
9.187899999999999956e-01 -2.000000000000000096e-04
9.334099999999999620e-01 -1.100000000000000039e-04
9.466599999999999460e-01 -3.000000000000000076e-05
9.585000000000000187e-01 8.000000000000000654e-05
9.689699999999999980e-01 2.200000000000000078e-04
9.780600000000000405e-01 3.600000000000000227e-04
9.857099999999999751e-01 4.200000000000000174e-04
9.918299999999999894e-01 3.899999999999999929e-04
9.963300000000000489e-01 2.599999999999999772e-04
9.990700000000000136e-01 9.000000000000000567e-05
1.000000000000000000e+00 0.000000000000000000e+00
